0.351508 0.684403 
0.524042 0.69569 
0.272232 0.79921 
0.636927 0.589358 
0.524042 0.69569 
1.01774 0.59362 
0.888726 0.702379 
0.816513 0.665785 
0.347254 0.680896 
-0.224436 0.831947 
-0.353717 0.919136 
1.03122 0.982828 
-0.169257 0.864794 
0.416439 0.69925 
0.253807 0.705014 
-1.00364 -0.156486 
-1.72793 0.490908 
0.347254 0.680896 
0.0797617 0.505479 
0.0963618 0.470582 
-0.0394296 0.576096 
-0.408184 0.390661 
-1.4229 -0.218138 
0.170635 0.469611 
-1.42118 -0.21675 
1.33018 0.645098 
0.464575 0.894694 
0.464575 0.894694 
0.679026 0.607081 
0.420416 0.516392 
0.656414 0.510904 
0.280998 0.684569 
0.347254 0.680896 
-0.300076 0.519645 
0.888726 0.702379 
0.347254 0.680896 
0.60476 0.791823 
-0.337567 0.411985 
-0.108501 0.528613 
0.13629 0.864393 
-0.574586 0.313219 
0.108361 0.457976 
0.830155 0.895547 
1.02793 0.583321 
0.783533 0.561805 
-0.404815 0.39206 
0.355472 0.635956 
0.674213 0.946161 
-1.13211 -0.0260638 
0.197772 0.690673 
0.982344 0.440728 
-1.22765 -0.0168493 
0.243869 0.565496 
0.416439 0.69925 
0.995582 0.538955 
0.765261 0.593331 
-0.812431 0.0723031 
-0.585748 0.529905 
-1.76262 0.781879 
0.140955 1.36034 
-0.153852 1.39429 
-1.6151 1.08297 
-1.6151 1.08297 
-0.636606 1.41783 
-1.3064 1.50896 
0.17634 0.847328 
0.888726 0.702379 
0.371917 0.45797 
-0.125899 0.325814 
0.949124 1.09793 
0.303959 0.583497 
0.0414608 0.694517 
-0.0301948 0.709189 
0.541304 0.559764 
0.485585 0.636502 
0.347254 0.680896 
-0.333133 0.294019 
0.347254 0.680896 
0.679026 0.607081 
0.310524 0.504843 
-1.4002 0.66146 
0.324541 0.6926 
-0.734144 0.321835 
-0.498502 0.345394 
-0.81747 -0.550984 
0.239723 0.720559 
0.239723 0.720559 
0.730957 0.698449 
0.35885 0.506421 
1.12043 1.00163 
0.111846 0.501893 
1.18583 0.945377 
-0.589114 0.324317 
1.26408 0.952828 
-1.41825 -0.216114 
1.18528 0.852085 
0.96753 0.665987 
0.42526 0.826309 
0.650734 0.575031 
-0.521574 0.933145 
0.303959 0.583497 
-0.00986896 0.57934 
0.721279 0.945485 
0.255136 0.658991 
0.428804 0.468338 
0.16276 0.564779 
0.117542 0.486633 
-0.130883 0.426794 
0.778362 0.465852 
0.586714 0.560041 
-0.487094 0.494907 
0.750453 0.618529 
-1.55245 0.695554 
0.324541 0.6926 
0.0295609 0.52146 
0.243869 0.565496 
-0.550482 0.680965 
0.380769 0.51356 
0.781875 0.472986 
0.53611 0.553873 
1.12043 1.00163 
0.759582 0.559709 
0.759582 0.559709 
0.571379 0.659847 
0.416439 0.69925 
0.416439 0.69925 
0.816513 0.665785 
1.10567 0.686289 
1.17136 0.85546 
1.17136 0.85546 
1.17136 0.85546 
1.17136 0.85546 
0.697229 0.632484 
1.04778 0.741947 
1.08731 0.965002 
1.0645 0.854797 
-1.35489 -0.101247 
0.174658 0.784596 
0.863848 0.68322 
0.664158 0.704723 
-0.0205101 0.231828 
-1.06459 0.0476609 
0.816513 0.665785 
0.246574 0.748898 
0.349215 0.7454 
-1.3064 1.50896 
0.610601 1.01279 
0.27603 1.28472 
0.27603 1.28472 
0.27603 1.28472 
0.916547 0.630377 
1.11409 0.662315 
-0.572533 0.315261 
1.32901 1.0477 
-0.0768982 0.575639 
0.303959 0.583497 
-0.36313 0.92877 
1.10123 0.854182 
0.902874 0.59975 
0.904143 0.504099 
1.1024 0.572333 
1.01774 0.59362 
0.632754 0.593777 
0.177029 0.499149 
0.324541 0.6926 
0.651576 0.479661 
0.546633 0.44495 
0.212643 0.884073 
0.39013 0.801065 
0.888726 0.702379 
0.0292847 0.42847 
0.0292847 0.42847 
0.168203 0.539231 
0.178512 0.495255 
-1.18911 0.0117255 
0.702395 0.913367 
0.586488 0.505321 
0.586488 0.505321 
1.10123 0.854181 
0.537717 0.554877 
0.434735 0.579704 
0.194938 0.813826 
0.257554 0.630095 
0.750453 0.618529 
0.648083 0.551495 
0.446691 0.962659 
0.851512 0.673376 
0.8277 0.623531 
0.938706 0.642396 
0.355482 0.547405 
0.885162 0.675284 
0.00154037 0.491985 
0.303959 0.583497 
-0.334601 0.399771 
0.602823 0.599896 
-0.616208 0.326943 
1.03909 1.03973 
0.984258 0.981993 
0.0618793 0.493955 
0.757566 0.86477 
-0.0209724 0.676086 
1.32901 1.0477 
0.888726 0.702379 
0.323892 0.661304 
0.194713 0.637492 
-0.101904 0.381902 
1.1536 1.05634 
1.0912 1.02726 
1.12504 1.12925 
-1.09765 0.00706983 
0.440915 0.556337 
1.08136 0.944565 
0.53435 1.04867 
0.255869 0.994433 
-1.3064 1.50896 
-1.3064 1.50896 
-1.06578 1.59779 
-1.16991 0.0594456 
0.888726 0.702379 
-1.00349 0.0274956 
0.178513 0.574004 
0.351508 0.684403 
0.733808 0.8462 
1.16137 0.812912 
0.888726 0.702379 
0.450863 0.820857 
0.59556 1.18709 
0.888726 0.702379 
-0.657587 0.0250711 
1.13726 1.16994 
1.16659 1.19249 
1.20675 1.23245 
1.02793 0.583321 
1.02202 0.584447 
1.94652 0.588211 
0.0128667 0.871442 
0.631491 0.934845 
-1.3064 1.50896 
-1.06578 1.59779 
-1.06578 1.59779 
-1.1548 1.49386 
0.361821 1.20788 
0.294244 1.22287 
0.524042 0.69569 
0.888726 0.702379 
0.819782 0.433034 
0.347254 0.680896 
-0.337567 0.411985 
0.524042 0.69569 
0.643015 0.484557 
0.286828 0.418767 
0.783533 0.561805 
0.888726 0.702379 
0.2878 0.712149 
0.238448 1.18502 
0.554968 0.507382 
0.296951 1.19647 
0.81413 0.58622 
0.717154 -0.0375633 
0.945896 0.861259 
0.841319 0.654081 
0.122158 0.634549 
0.888726 0.702379 
0.351508 0.684403 
0.296951 1.19647 
0.097676 0.45269 
1.11492 0.619014 
0.373267 0.466234 
1.03122 0.982828 
0.636927 0.589358 
0.668055 0.602203 
0.986773 0.972733 
0.650526 0.526972 
0.327304 0.65429 
0.646738 0.56526 
0.371917 0.45797 
0.461695 0.771582 
-1.78668 0.692042 
0.329251 0.656297 
0.0984236 0.616322 
1.18232 1.05972 
0.171148 0.553463 
-0.611282 0.387358 
0.413529 0.512773 
0.388318 0.685736 
0.712428 0.935876 
1.01774 0.59362 
1.01774 0.59362 
0.582229 0.590869 
0.228408 0.58594 
-0.0394295 0.576096 
0.283541 0.661495 
1.32901 1.0477 
0.317137 0.28922 
0.440188 0.55894 
0.289501 0.672416 
-0.212147 0.452853 
0.447133 0.236592 
0.189793 0.598486 
0.201215 0.57007 
0.335119 0.697428 
1.12043 1.00163 
0.789065 0.462336 
1.37154 0.822056 
1.17526 0.75039 
0.524042 0.69569 
-0.479261 0.913864 
0.84475 0.548759 
0.835823 0.328998 
-0.00986896 0.57934 
0.209502 0.92703 
-1.34588 1.36403 
0.304296 0.601986 
0.23344 0.835161 
-0.0982386 0.458368 
-0.177207 0.470678 
0.194713 0.637492 
0.323932 0.555683 
1.08739 0.762273 
0.371917 0.45797 
0.0887464 0.481433 
-0.0437971 0.670376 
1.03122 0.982828 
1.01774 0.59362 
1.01653 0.416228 
-1.1548 1.49386 
0.722324 0.935697 
0.684722 0.410642 
-0.613989 0.312275 
0.174779 0.536052 
0.421908 0.56542 
-1.83162 0.793703 
-1.68868 0.757356 
0.679626 0.890184 
0.582158 0.992992 
0.657019 0.892058 
0.0863574 0.450176 
0.0638241 0.531965 
0.370979 1.21679 
-0.415088 1.19384 
2.14706 -0.342072 
0.673117 0.451839 
0.888726 0.702379 
-1.1548 1.49386 
0.848335 1.11641 
0.568693 0.436873 
0.657563 0.914873 
0.312844 0.619303 
0.182984 1.29519 
-0.239127 1.09635 
0.899349 1.20517 
0.524042 0.69569 
0.100744 0.454156 
1.2561 0.934894 
0.535585 0.784589 
-0.213759 0.353873 
1.06716 0.639783 
-0.887076 0.102901 
-1.24116 0.0238077 
1.00701 0.641762 
0.403202 0.600578 
0.178513 0.574004 
0.228355 0.383592 
0.527378 0.570948 
-0.295162 0.37421 
0.368693 0.657508 
1.11742 0.929968 
-0.516145 1.34047 
-0.503974 1.33622 
0.118986 1.27466 
-0.503975 1.33622 
0.547332 0.51874 
-0.0252367 0.485792 
0.222009 0.938557 
1.0154 0.67717 
0.857355 0.524997 
0.723337 0.770873 
0.180376 0.555067 
0.324541 0.6926 
0.313287 1.24155 
0.370979 1.21679 
0.299022 0.940704 
-1.28447 1.47147 
0.360126 1.1903 
0.357505 1.15228 
0.316067 1.07641 
-0.533005 1.28608 
0.527378 0.570948 
-1.72793 0.490908 
0.3884 0.959569 
0.347254 0.680896 
0.533773 0.402773 
0.888726 0.702379 
0.122321 0.547965 
0.0399666 0.414402 
0.140727 0.629332 
0.140727 0.629332 
0.714074 0.637436 
0.832675 0.510074 
0.827759 0.497921 
1.96845 0.44953 
1.32313 0.931555 
1.00888 0.966917 
0.916547 0.630377 
0.971184 0.095339 
0.975292 0.376073 
0.888726 0.702379 
1.03122 0.982828 
1.03122 0.982828 
1.44862 1.32635 
1.12014 1.18825 
1.12014 1.18825 
1.11051 0.611739 
0.588386 0.795483 
1.1024 0.572333 
0.10617 0.506036 
0.257554 0.630095 
0.178513 0.574004 
0.640629 0.583584 
-0.197588 0.702058 
1.12014 1.18825 
0.888726 0.702379 
0.347254 0.680896 
0.888726 0.702379 
-0.391971 0.373981 
1.12014 1.18825 
1.48696 0.591063 
1.44862 1.32635 
0.355691 0.48534 
1.473 0.840061 
1.44063 0.851202 
0.257554 0.630095 
0.279594 0.542 
0.257554 0.630095 
0.888726 0.702379 
0.962946 1.04783 
1.18051 1.29515 
1.14945 1.14594 
1.02643 0.63572 
1.14776 0.198467 
1.32454 1.21525 
0.89729 1.037 
1.21619 0.788697 
0.689203 0.83463 
1.40002 0.550451 
1.32333 0.571077 
1.32333 0.571077 
0.486998 0.738521 
1.06808 1.1009 
0.877565 0.631818 
0.414188 0.65704 
-0.766186 -1.41234 
0.112296 0.55194 
0.888726 0.702379 
1.22587 0.501051 
1.61952 0.511515 
1.73669 0.648531 
0.460288 0.593645 
1.4278 0.969664 
1.6191 0.509865 
0.34395 0.523839 
2.14706 -0.342072 
1.9214 0.426176 
0.947491 0.927597 
1.24432 1.1644 
1.45704 -1.1544 
1.32454 1.21525 
0.697229 0.632484 
0.816513 0.665785 
0.898223 0.060153 
0.752104 0.623643 
0.752104 0.623643 
0.937773 0.189298 
-1.1548 1.49386 
0.969444 0.408298 
0.969444 0.408298 
1.03122 0.982828 
1.12014 1.18825 
1.66702 0.45078 
1.54923 0.452808 
1.16666 0.895727 
0.735977 0.0330284 
-0.258081 0.348174 
1.37154 0.822056 
0.601463 0.769133 
0.735283 0.419888 
1.04609 0.450915 
1.04609 0.450915 
0.930484 0.501775 
1.04609 0.450915 
0.892529 0.516768 
0.991674 0.457892 
1.4983 1.18863 
1.21635 0.937435 
0.804255 0.660431 
0.816513 0.665785 
1.32454 1.21525 
1.30898 1.16437 
0.924137 0.94667 
1.38063 1.25983 
1.30519 1.18626 
1.42215 1.30826 
1.46253 1.31114 
1.47821 1.32461 
1.43405 1.27805 
1.15371 0.66472 
1.15371 0.66472 
1.11051 0.611739 
0.955731 0.461223 
1.15371 0.66472 
0.816513 0.665785 
0.677268 0.622663 
1.40222 0.811008 
0.602889 0.691115 
0.608396 1.0124 
1.09057 0.252621 
1.29298 1.18742 
0.888726 0.702379 
1.0651 0.485265 
1.17136 0.85546 
0.613483 0.740111 
1.58202 0.492928 
1.65221 0.521262 
0.622801 0.837902 
0.751596 0.906451 
0.898348 0.947179 
0.797752 0.972902 
0.725904 0.968464 
1.12014 1.18825 
1.12014 1.18825 
1.06815 1.01184 
1.12014 1.18825 
0.89729 1.037 
1.12014 1.18825 
1.12014 1.18825 
1.13061 0.630754 
1.12014 1.18825 
0.725904 0.968464 
1.12014 1.18825 
0.930958 1.12782 
0.502075 0.766919 
0.962947 1.04783 
0.962946 1.04783 
0.998172 1.05442 
1.19041 0.939715 
0.89729 1.037 
1.12014 1.18825 
0.962946 1.04783 
1.12014 1.18825 
1.0903 1.27364 
1.0761 0.423426 
1.16852 0.843642 
0.679026 0.607081 
0.27603 1.28472 
1.123 1.07286 
0.668055 0.602203 
-0.232289 0.50814 
0.439718 0.602175 
1.05024 0.643705 
0.846939 0.487167 
1.01774 0.59362 
1.1024 0.572333 
1.01774 0.59362 
1.01774 0.59362 
1.1024 0.572333 
1.0608 0.98911 
0.286164 0.579219 
1.02643 0.63572 
1.02643 0.63572 
0.651576 0.479661 
1.09568 0.54926 
0.184622 0.668685 
-1.06928 0.0944874 
1.35042 0.385246 
0.760235 0.981967 
0.252529 0.662798 
1.24432 1.1644 
1.12014 1.18825 
0.257554 0.630095 
-0.767878 -1.39668 
0.538789 0.411146 
0.934932 0.496637 
0.931225 0.650317 
0.879506 0.51102 
0.748833 0.473778 
0.918196 0.568582 
0.84618 0.647554 
1.08777 0.671431 
-0.104717 0.46679 
0.972838 0.414847 
0.982344 0.440728 
-0.769734 -1.38173 
-0.781053 -1.16708 
0.480609 0.763826 
0.78228 0.524779 
0.103631 0.497835 
0.825657 0.980548 
0.748362 0.639366 
0.888726 0.702379 
1.17136 0.85546 
1.54501 0.946677 
0.888726 0.702379 
1.08905 0.862541 
1.02793 0.583321 
1.02202 0.584447 
2.14706 -0.342072 
0.123593 0.596702 
-1.28447 1.47147 
0.457067 0.5001 
-0.256367 1.02447 
-1.34735 1.5827 
0.347254 0.680896 
1.46253 1.31114 
1.11287 0.615416 
1.04727 0.469492 
1.04727 0.469492 
0.351508 0.684403 
1.34705 0.258524 
1.25061 0.44661 
1.23292 0.465285 
0.769513 1.00429 
2.14706 -0.342072 
-1.1548 1.49386 
1.01928 0.533683 
0.977599 0.547048 
1.16409 0.436657 
1.45139 0.497918 
0.862585 0.65542 
0.888726 0.702379 
1.12014 1.18825 
0.897291 1.037 
0.930958 1.12782 
1.12014 1.18825 
1.14748 0.191678 
-0.178798 -1.73456 
-0.114377 -1.76167 
0.347254 0.680896 
1.04124 0.509142 
0.0423371 0.633066 
0.985949 0.627152 
0.952683 0.339579 
1.19382 0.160228 
0.359616 0.381808 
0.803438 0.739896 
-0.213386 0.0930357 
-0.248224 0.00960988 
0.238448 1.18502 
0.266204 0.624338 
1.15171 0.793829 
1.41557 -1.41049 
0.668055 0.602202 
1.09095 0.355507 
1.44848 -1.22363 
1.45256 1.32681 
0.816513 0.665785 
0.862585 0.65542 
0.816513 0.665785 
1.45171 1.17634 
1.38359 -1.43984 
1.86634 0.403304 
0.934809 0.474764 
0.934809 0.474764 
0.679026 0.607081 
0.679026 0.607081 
0.593356 -2.03213 
1.11805 0.416747 
0.687115 0.8494 
0.38423 0.698994 
1.40576 1.10288 
1.40607 0.774332 
0.923681 0.435115 
1.04387 0.604537 
1.18672 0.774125 
0.618986 0.672078 
0.934809 0.474764 
0.934809 0.474764 
0.948716 0.0562336 
1.26408 0.952828 
1.05024 0.643705 
-0.0525513 1.29107 
0.329058 1.20929 
1.01653 0.416228 
1.07459 0.363191 
0.347254 0.680896 
0.347254 0.680896 
1.15578 0.519948 
1.14319 0.569676 
1.08877 0.566508 
1.44707 -1.30235 
1.08777 0.671431 
1.08777 0.671431 
1.08777 0.671431 
0.612669 0.717641 
2.18322 -0.397838 
1.29773 0.26707 
0.811398 0.590442 
0.708555 0.910943 
1.24432 1.1644 
1.12014 1.18825 
-0.184811 0.455018 
0.62647 0.541326 
-0.515378 0.315356 
-0.256367 1.02447 
0.512512 0.731243 
0.512446 0.508576 
-0.0232668 0.750108 
0.238448 1.18502 
0.7812 0.908789 
0.7812 0.908789 
0.657563 0.914873 
0.657563 0.914873 
0.727803 0.892844 
0.373267 0.466234 
0.68678 0.556964 
0.657563 0.914873 
0.657563 0.914873 
0.537829 0.809994 
1.00701 0.641762 
0.956755 0.855086 
1.00762 0.496612 
0.839944 0.965663 
0.228355 0.383592 
0.480609 0.763826 
0.209828 0.483464 
0.24919 -2.03908 
1.12043 1.00163 
-0.232289 0.50814 
0.00540418 0.567131 
0.0552153 0.541109 
0.434402 0.587797 
0.669787 0.542773 
0.639934 0.582624 
1.08021 0.754133 
0.888726 0.702379 
0.414188 0.65704 
0.246408 0.0911417 
1.03699 0.769969 
1.08982 1.08524 
1.42841 1.29887 
0.695909 0.620548 
0.679026 0.607081 
1.05223 0.520161 
1.05223 0.520161 
1.05209 0.520186 
1.1278 0.493259 
0.944958 0.0471311 
2.31431 -0.331269 
0.850561 0.381095 
2.18322 -0.397838 
0.850561 0.381095 
0.227379 0.761464 
0.797356 0.904047 
0.688659 0.908903 
0.0128667 0.871442 
0.822877 0.589184 
0.784436 0.618217 
0.235634 1.17968 
-1.34735 1.5827 
-1.34735 1.5827 
0.0308165 1.33454 
-1.2738 0.541414 
0.178513 0.574004 
0.286164 0.579219 
0.921665 0.638828 
0.673478 0.71735 
