1.2537 1.75788 
1.19753 1.81969 
1.19753 1.81969 
1.19753 1.81969 
1.12109 1.80006 
1.22566 1.89982 
1.13386 1.878 
1.27526 0.622835 
2.51205 0.411324 
2.51205 0.411324 
2.51205 0.411324 
2.51205 0.411324 
2.26775 0.445557 
2.26775 0.445557 
2.29895 0.418187 
2.29895 0.418187 
2.29895 0.418187 
2.29895 0.418187 
2.29895 0.418187 
2.29895 0.418187 
2.29895 0.418187 
2.29895 0.418187 
2.29895 0.418187 
2.29895 0.418187 
2.29895 0.418187 
2.29895 0.418187 
2.29895 0.418187 
2.29895 0.418187 
2.29895 0.418187 
2.29895 0.418187 
2.29895 0.418187 
2.29895 0.418187 
2.29895 0.418187 
2.29895 0.418187 
2.29895 0.418187 
1.1479 0.72634 
1.10904 1.15996 
1.13379 1.38606 
1.13379 1.38606 
1.81969 1.66986 
1.41972 1.11184 
1.54954 1.16885 
1.93336 1.21784 
1.87055 1.20346 
2.00797 1.24142 
1.91592 1.84364 
1.84901 1.28492 
1.88573 1.89787 
1.86499 1.32345 
1.79407 1.93106 
1.79407 1.93105 
1.75443 1.72285 
2.42424 0.81165 
-0.988561 -1.34402 
1.79407 1.93106 
1.73444 1.05743 
1.76593 0.442554 
2.10712 0.449788 
1.86541 1.77513 
2.00798 0.524137 
2.41132 0.342457 
2.10712 0.449788 
1.75443 1.72285 
2.00798 0.524137 
2.46315 0.393732 
2.46315 0.393732 
1.84646 1.68464 
2.24989 0.394064 
2.46315 0.393732 
1.85886 1.708 
2.3508 0.451676 
2.45159 0.452758 
2.45159 0.452758 
2.48904 0.398107 
2.37141 0.420988 
1.82931 0.631443 
2.00359 0.660913 
2.37141 0.420988 
2.05371 0.53959 
2.03967 0.60578 
2.04305 0.607262 
2.2385 0.416595 
2.30124 0.411076 
2.2385 0.416595 
2.04305 0.607262 
2.2385 0.416594 
1.99441 0.6458 
1.84646 1.68464 
1.93163 0.610349 
1.69685 0.699455 
1.9459 0.508823 
2.33932 0.891235 
2.53543 0.945248 
1.87881 1.75463 
1.51159 1.87438 
1.83107 1.83474 
1.83107 1.83475 
1.83107 1.83474 
1.53899 1.00856 
1.55361 1.03841 
1.83107 1.83474 
1.83107 1.83474 
1.83107 1.83474 
1.7271 1.15559 
1.07152 0.824049 
0.739757 0.448445 
1.34809 1.51557 
1.36407 1.52328 
0.889093 0.381257 
0.885019 0.372657 
0.885407 0.363282 
0.88483 0.314479 
1.15111 0.642458 
1.15433 0.662145 
1.16076 0.665988 
1.16396 0.684866 
0.790658 0.348147 
0.785126 0.335385 
1.49694 0.264934 
0.84554 0.337384 
1.47318 0.268014 
0.872055 0.303493 
0.880408 0.307858 
0.878997 0.310683 
1.15069 0.682503 
1.15336 0.699242 
1.85635 -0.333618 
1.05665 0.84652 
1.90431 1.93491 
1.70855 1.96812 
1.90431 1.93491 
1.90431 1.93491 
1.90431 1.93491 
1.90431 1.93491 
1.90431 1.93491 
0.658308 2.20155 
0.93889 1.85961 
-0.956764 1.21146 
-1.1501 1.18807 
0.0893088 0.575438 
0.0689661 0.566887 
0.16335 0.388477 
-0.11126 0.55744 
1.62316 1.63995 
1.57612 1.5005 
1.62316 1.63995 
1.75155 1.85365 
0.0632977 0.69824 
0.127426 1.44421 
0.0507197 1.19531 
0.127426 1.44421 
0.127426 1.44421 
0.123278 1.38067 
-0.362602 -0.0556462 
0.123278 1.38067 
0.127426 1.44421 
-0.110978 1.09892 
-0.169999 0.0512429 
-0.0895399 1.20079 
-0.0815447 1.18025 
-0.110978 1.09892 
-0.110978 1.09892 
-0.181732 0.0813986 
-0.0494731 1.46284 
-0.0815447 1.18025 
-0.0840771 1.14364 
0.127426 1.44421 
-0.111156 1.06727 
-0.356697 0.10679 
-0.544708 -0.190017 
-0.169374 0.591018 
-0.127575 0.553006 
-0.366411 0.133206 
-0.571134 -0.228484 
-0.531733 -0.257009 
-0.378533 0.00430529 
-0.198059 0.592201 
-1.64809 0.0782088 
1.10056 0.840608 
1.07963 0.836224 
-0.84575 1.4059 
0.0383179 0.963974 
0.286756 1.78047 
0.29758 1.79172 
0.29758 1.79172 
-0.236089 0.108736 
-0.244345 0.101237 
1.06966 0.867365 
1.09976 0.846518 
1.06505 0.851767 
0.0428817 0.98496 
0.24716 1.05099 
0.174277 -0.153029 
0.156274 0.659606 
0.101159 0.287143 
1.10056 0.840608 
1.62473 1.32804 
1.27322 1.39784 
1.07963 0.836224 
0.24707 1.03871 
0.260565 1.60251 
0.29758 1.79172 
-0.253458 0.0808809 
1.62316 1.63995 
-0.253458 0.0808809 
0.29758 1.79172 
1.06861 0.857625 
1.06505 0.851767 
0.252397 1.05222 
0.403491 2.08428 
0.257754 1.04711 
0.183573 -0.265039 
0.158882 1.55263 
0.339455 1.87609 
0.16844 0.706294 
0.245767 1.00364 
0.194852 -0.907593 
0.194852 -0.907593 
0.22413 -0.973651 
0.0818899 0.246698 
1.10056 0.840608 
1.25474 1.6178 
1.25474 1.6178 
1.2739 1.57675 
1.85292 1.59118 
1.85292 1.59118 
1.27322 1.39784 
0.258395 1.0371 
0.260565 1.60251 
-0.205468 1.69609 
0.134281 0.214856 
1.90431 1.93491 
1.90431 1.93491 
0.291496 1.76379 
-0.279659 0.138013 
-1.6597 0.445019 
0.257649 1.65225 
-0.171655 0.0985599 
-1.0522 1.32722 
0.29758 1.79172 
-0.253458 0.0808809 
1.75155 1.85365 
-0.875655 -1.31436 
1.41996 -0.899458 
-0.401819 1.48641 
0.366672 -1.10085 
0.366672 -1.10085 
0.366672 -1.10085 
0.366672 -1.10085 
0.176863 0.739292 
0.366672 -1.10085 
0.366672 -1.10085 
0.149625 0.274013 
-0.29348 0.203131 
0.67397 0.242953 
0.682642 0.222428 
1.32123 0.383137 
1.00968 0.38644 
1.00968 0.38644 
1.60222 0.393752 
1.14736 0.387922 
1.03026 0.38684 
0.823992 0.310628 
-0.442373 -0.21376 
-0.498456 -1.58187 
-0.498456 -1.58187 
0.278722 -0.131355 
0.594135 -1.13071 
0.600586 -1.27618 
0.600586 -1.27618 
0.600586 -1.27618 
0.600586 -1.27618 
0.600586 -1.27618 
0.600586 -1.27618 
0.600586 -1.27618 
0.600586 -1.27618 
0.600586 -1.27618 
0.600586 -1.27618 
0.366287 -0.136924 
-0.665425 1.93802 
-0.665426 1.93802 
-0.57649 1.44429 
-0.498456 -1.58187 
-0.410331 -1.48577 
0.323984 -0.84779 
-0.665425 1.93802 
1.88272 0.185346 
1.11456 -0.790465 
0.166458 -0.775848 
-0.498456 -1.58187 
0.600586 -1.27618 
0.600586 -1.27618 
0.27965 -1.09894 
-0.734799 1.20639 
0.505387 -0.244313 
-0.410331 -1.48577 
-0.410331 -1.48577 
-0.498456 -1.58187 
-0.498456 -1.58187 
-0.665425 1.93802 
1.01725 0.174311 
0.627046 -0.569136 
1.11456 -0.790465 
-0.164584 -1.59158 
0.0711608 -0.863599 
1.31666 -0.740418 
-0.498456 -1.58187 
-0.498456 -1.58187 
-0.498456 -1.58187 
0.519062 -0.554399 
0.600586 -1.27618 
0.600586 -1.27618 
1.2565 -0.717706 
1.03696 -0.722449 
0.762328 -1.35564 
0.600586 -1.27618 
0.600586 -1.27618 
0.762328 -1.35564 
0.27965 -1.09894 
-0.705944 1.18514 
0.27965 -1.09894 
-0.734798 1.20639 
0.627046 -0.569136 
-0.410331 -1.48577 
0.540601 -0.777344 
0.762328 -1.35564 
-0.498456 -1.58187 
-0.498456 -1.58187 
0.600586 -1.27618 
0.600586 -1.27618 
0.600586 -1.27618 
0.600586 -1.27618 
1.13323 -0.0352328 
0.238715 -0.720372 
0.6675 -0.51252 
-0.410331 -1.48577 
-0.410331 -1.48577 
-0.410331 -1.48577 
-0.498456 -1.58187 
-0.498456 -1.58187 
-0.498456 -1.58187 
0.441859 -0.63524 
0.308081 -1.15506 
0.323984 -0.84779 
0.308081 -1.15506 
0.323984 -0.84779 
-0.665425 1.93802 
1.01725 0.174311 
0.627046 -0.569136 
1.11456 -0.790465 
0.455242 -0.507553 
-0.164584 -1.59158 
0.0711608 -0.863599 
1.31666 -0.740418 
-0.498456 -1.58187 
-0.498456 -1.58187 
-0.498456 -1.58187 
-0.498456 -1.58187 
-0.498456 -1.58187 
0.519062 -0.554399 
0.600586 -1.27618 
0.600586 -1.27618 
0.600586 -1.27618 
1.2565 -0.717706 
0.762328 -1.35564 
0.733374 -0.862926 
0.600586 -1.27618 
0.600586 -1.27618 
0.600586 -1.27618 
0.762328 -1.35564 
0.27965 -1.09894 
0.866857 0.272814 
-0.705944 1.18514 
0.27965 -1.09894 
-0.734799 1.20639 
0.27965 -1.09894 
-0.734799 1.20639 
1.37364 -0.783933 
-0.410331 -1.48577 
-0.410331 -1.48577 
0.540601 -0.777344 
0.762328 -1.35564 
0.762328 -1.35564 
-0.498456 -1.58187 
-0.498456 -1.58187 
-0.498456 -1.58187 
0.600586 -1.27618 
0.600586 -1.27618 
0.600586 -1.27618 
0.238715 -0.720372 
-0.545111 -1.03378 
-0.545111 -1.03378 
-0.545111 -1.03378 
-0.410331 -1.48577 
-0.665425 1.93802 
-0.841577 -1.64089 
1.01725 0.174311 
0.272868 -0.585663 
0.596653 -0.585874 
1.19164 -0.890754 
0.455242 -0.507553 
-0.164584 -1.59158 
0.0711608 -0.863599 
1.31666 -0.740418 
-0.498456 -1.58187 
-0.498456 -1.58187 
-0.498456 -1.58187 
0.22413 -0.973651 
0.22413 -0.973651 
0.600586 -1.27618 
0.733374 -0.862926 
0.366672 -1.10085 
0.366672 -1.10085 
0.600586 -1.27618 
0.370652 -1.07861 
0.762328 -1.35564 
0.0873521 -0.873761 
0.859147 0.278899 
-0.732573 1.08012 
0.0713986 -0.905 
-0.734798 1.20639 
0.27965 -1.09894 
-0.734799 1.20639 
-0.410331 -1.48577 
-0.410331 -1.48577 
0.540601 -0.777344 
0.600586 -1.27618 
0.600586 -1.27618 
0.600586 -1.27618 
-1.08311 -1.45133 
-0.498456 -1.58187 
-0.498456 -1.58187 
-1.08311 -1.45133 
-1.01204 -1.16803 
0.289883 -0.606657 
0.762328 -1.35564 
-0.164584 -1.59158 
0.162605 -0.78025 
-0.164584 -1.59158 
0.302121 -0.873229 
0.370652 -1.07861 
2.04964 -0.208183 
-0.164584 -1.59158 
-0.164584 -1.59158 
0.17796 -0.745089 
-0.665425 1.93802 
1.0169 0.166946 
0.321301 -0.533212 
1.33492 -0.68569 
0.733374 -0.862926 
0.762328 -1.35564 
1.63875 -0.149765 
1.86808 -0.188703 
1.86808 -0.188703 
0.762328 -1.35564 
0.762328 -1.35564 
-0.164584 -1.59158 
-0.839746 -1.53983 
-0.439049 1.75658 
0.861433 0.278905 
1.148 0.390963 
-0.629478 0.735838 
0.0711608 -0.863599 
1.37382 -0.0314426 
-0.257744 0.185511 
-0.665425 1.93802 
0.0713986 -0.905 
0.366672 -1.10085 
-0.164584 -1.59158 
-0.734799 1.20639 
0.386111 1.68542 
-0.554177 -1.3308 
-0.498456 -1.58187 
-0.554177 -1.3308 
-0.498456 -1.58187 
-1.60528 0.33744 
-0.410331 -1.48577 
-0.453025 -1.27207 
-0.410331 -1.48577 
-0.665425 1.93802 
-1.18518 0.636424 
-0.548899 -1.27776 
0.600586 -1.27618 
0.600586 -1.27618 
-0.511195 -1.4112 
-0.498456 -1.58187 
-0.410331 -1.48577 
-0.665426 1.93802 
-1.19688 1.12419 
1.88272 0.185346 
0.596653 -0.585874 
0.0964746 -0.708891 
-0.548899 -1.27776 
-0.498456 -1.58187 
0.600586 -1.27618 
0.600586 -1.27618 
0.213806 -0.980738 
-0.734015 1.09442 
1.15207 -0.662622 
-0.410331 -1.48577 
0.762328 -1.35564 
1.37364 -0.783933 
-0.665425 1.93802 
-0.410331 -1.48577 
-0.410331 -1.48577 
-0.498456 -1.58187 
0.404512 -0.762842 
-0.620387 1.87376 
-1.19688 1.12419 
1.40863 -0.0248756 
0.596653 -0.585874 
0.0964746 -0.708891 
0.0711608 -0.863599 
-0.548899 -1.27776 
-0.498456 -1.58187 
-0.498456 -1.58187 
-0.498456 -1.58187 
0.600586 -1.27618 
0.600586 -1.27618 
0.600586 -1.27618 
0.600586 -1.27618 
0.213806 -0.980738 
-0.70893 1.08873 
0.27965 -1.09894 
-0.734799 1.20639 
0.592083 -1.16615 
0.600586 -1.27618 
-0.498456 -1.58187 
-0.410331 -1.48577 
-0.410331 -1.48577 
0.524656 -0.800766 
0.762328 -1.35564 
0.762328 -1.35564 
1.37364 -0.783933 
0.444831 -0.636535 
0.150071 -0.75191 
-0.410331 -1.48577 
-0.410331 -1.48577 
-0.498456 -1.58187 
-0.498456 -1.58187 
-0.620388 1.87376 
-1.19688 1.12419 
1.40863 -0.0248756 
0.596653 -0.585874 
0.00896939 -0.702754 
0.0711608 -0.863599 
-0.498456 -1.58187 
-0.498456 -1.58187 
-0.554177 -1.3308 
-0.498456 -1.58187 
-0.498456 -1.58187 
0.366672 -1.10085 
0.600586 -1.27618 
0.600586 -1.27618 
0.366672 -1.10085 
0.600586 -1.27618 
0.600586 -1.27618 
0.118195 -0.902618 
-1.21961 1.0079 
-0.787332 0.757867 
0.27965 -1.09894 
-0.734799 1.20639 
0.27965 -1.09894 
-0.734799 1.20639 
0.600586 -1.27618 
-0.498456 -1.58187 
-0.498456 -1.58187 
-1.35553 -0.414576 
-0.453025 -1.27207 
-0.410331 -1.48577 
-0.410331 -1.48577 
0.524656 -0.800766 
0.370652 -1.07861 
0.762328 -1.35564 
0.762328 -1.35564 
-0.410331 -1.48577 
0.221156 -0.70282 
0.618299 -0.708699 
0.564745 -0.691226 
-0.620387 1.87376 
-1.19688 1.12419 
1.40863 -0.0248756 
0.430245 -0.575112 
0.00896939 -0.702754 
0.0711608 -0.863599 
-0.498456 -1.58187 
0.366672 -1.10085 
0.600586 -1.27618 
0.366672 -1.10085 
0.600586 -1.27618 
0.118195 -0.902618 
-1.21961 1.0079 
-0.787332 0.757867 
0.27965 -1.09894 
-0.734798 1.20639 
-1.35553 -0.414576 
0.540601 -0.777344 
0.370652 -1.07861 
0.370652 -1.07861 
0.370652 -1.07861 
0.370652 -1.07861 
0.762328 -1.35564 
0.762328 -1.35564 
-0.589679 -0.203032 
-0.813567 -0.0216424 
-1.1482 -0.27551 
-1.74762 0.29762 
-1.80701 -0.0253125 
-1.92905 -0.432339 
-1.22967 0.0916107 
-1.53148 -0.0760403 
-0.77925 -0.416745 
-1.0595 -1.24637 
-0.49721 1.84619 
-0.44226 0.0719447 
1.08044 0.0758293 
-0.445793 -0.451784 
0.366672 -1.10085 
-0.417441 0.064735 
-0.767434 0.543221 
-0.718611 -0.293696 
-1.70423 0.0637363 
-1.53148 -0.0760403 
-0.686054 -1.08908 
-1.08311 -1.45133 
-1.08311 -1.45133 
-1.0595 -1.24637 
-1.08311 -1.45133 
-1.08311 -1.45133 
-0.0175007 -0.435861 
1.71427 -0.161944 
1.89144 -0.240439 
-0.49721 1.84619 
-0.370537 -0.02488 
0.857792 0.206725 
-0.132275 -0.623027 
-0.238934 -0.230294 
1.41551 -0.0140275 
0.22413 -0.973651 
-1.10348 -1.46446 
1.76361 -0.112329 
-0.635364 0.416909 
-1.0595 -1.24637 
-1.08311 -1.45133 
0.474973 -0.101741 
1.05242 0.246136 
0.543784 0.00503963 
0.614228 -0.00449149 
-0.104122 1.56393 
-0.0444933 0.144027 
-0.279659 0.138013 
0.877648 0.302318 
1.20407 0.46169 
1.79958 0.404704 
0.969945 0.167282 
0.550242 0.00683139 
0.920247 0.00387078 
0.506388 -0.08571 
0.838146 0.30995 
0.019392 0.169015 
0.198401 1.54021 
2.24989 0.394063 
0.947817 -0.0933049 
0.0462042 -0.0573844 
0.479114 -0.149331 
1.69825 -0.593509 
0.95506 -0.23256 
1.4304 -0.851519 
0.751204 0.305975 
1.06505 0.851767 
0.257754 1.04711 
0.129009 0.213632 
-0.230581 0.206256 
0.857199 0.274943 
0.931412 -0.0780725 
1.27322 1.39784 
0.948267 -0.22219 
-0.655886 0.418707 
1.24187 0.455943 
0.153062 -0.234212 
1.37567 -0.807913 
0.101769 0.862322 
-0.129348 0.174426 
-0.498456 -1.58187 
-0.498456 -1.58187 
0.377095 -0.0213175 
0.594135 -1.13071 
0.594135 -1.13071 
0.594135 -1.13071 
0.600586 -1.27618 
0.600586 -1.27618 
0.600586 -1.27618 
0.600586 -1.27618 
0.600586 -1.27618 
0.600586 -1.27618 
0.600586 -1.27618 
0.600586 -1.27618 
0.600586 -1.27618 
0.600586 -1.27618 
0.600586 -1.27618 
0.600586 -1.27618 
0.600586 -1.27618 
0.600586 -1.27618 
0.600586 -1.27618 
0.600586 -1.27618 
0.600586 -1.27618 
0.600586 -1.27618 
0.600586 -1.27618 
0.600586 -1.27618 
0.600586 -1.27618 
0.600586 -1.27618 
0.600586 -1.27618 
0.600586 -1.27618 
0.600586 -1.27618 
0.600586 -1.27618 
0.600586 -1.27618 
0.600586 -1.27618 
0.600586 -1.27618 
0.600586 -1.27618 
0.27146 -1.04991 
0.640596 -1.1787 
0.640596 -1.1787 
0.471262 -0.0429979 
1.02693 0.0240538 
0.27965 -1.09894 
0.27965 -1.09894 
0.27965 -1.09894 
0.27965 -1.09894 
0.27965 -1.09894 
0.27965 -1.09894 
1.02693 0.0240538 
1.07994 -0.287354 
0.27965 -1.09894 
0.27965 -1.09894 
0.27965 -1.09894 
1.60222 0.393752 
1.2565 -0.717706 
0.305177 -1.17296 
0.762328 -1.35564 
0.704787 -0.835051 
0.762328 -1.35564 
0.762328 -1.35564 
0.733374 -0.862926 
0.762328 -1.35564 
1.2565 -0.717706 
0.718568 -0.854674 
0.762328 -1.35564 
0.73415 -0.891151 
0.72654 -0.802663 
0.73415 -0.891151 
0.305177 -1.17296 
1.2149 -0.669092 
0.616072 -0.658716 
0.762328 -1.35564 
0.498613 -0.699811 
1.19643 -0.6334 
0.93074 -0.404611 
1.19643 -0.6334 
1.08375 -0.264374 
0.600586 -1.27618 
0.600586 -1.27618 
0.600586 -1.27618 
0.376974 -0.0555618 
1.55562 0.408684 
-0.732573 1.08012 
0.474862 -1.09001 
0.600586 -1.27618 
0.600586 -1.27618 
0.600586 -1.27618 
-0.732573 1.08012 
0.474862 -1.09001 
0.600586 -1.27618 
0.600586 -1.27618 
0.600586 -1.27618 
1.344 -0.684641 
0.66061 0.222859 
1.60222 0.393752 
-0.732573 1.08012 
-0.705944 1.18514 
0.27965 -1.09894 
-0.705944 1.18514 
-0.410331 -1.48577 
-0.410331 -1.48577 
0.600586 -1.27618 
0.600586 -1.27618 
0.600586 -1.27618 
-0.665425 1.93802 
-0.665425 1.93802 
-0.665425 1.93802 
-0.665425 1.93802 
-1.08311 -1.45133 
-1.08311 -1.45133 
-0.839746 -1.53983 
-0.257744 0.185511 
-1.08311 -1.45133 
-1.08311 -1.45133 
-0.839746 -1.53983 
-0.259661 0.184835 
-0.498456 -1.58187 
-0.498456 -1.58187 
0.35407 -0.0325583 
-0.0530912 -1.09025 
0.594135 -1.13071 
0.600586 -1.27618 
0.600586 -1.27618 
0.600586 -1.27618 
0.600586 -1.27618 
0.600586 -1.27618 
0.600586 -1.27618 
0.600586 -1.27618 
0.600586 -1.27618 
0.600586 -1.27618 
0.600586 -1.27618 
0.594135 -1.13071 
0.600586 -1.27618 
0.600586 -1.27618 
0.600586 -1.27618 
0.600586 -1.27618 
0.600586 -1.27618 
0.600586 -1.27618 
0.600586 -1.27618 
0.600586 -1.27618 
0.600586 -1.27618 
0.600586 -1.27618 
-0.393402 -1.25631 
0.27146 -1.04991 
0.640596 -1.1787 
0.640596 -1.1787 
0.667169 1.69471 
0.667169 1.69471 
0.340333 1.76828 
1.22645 -0.735406 
1.2149 -0.669092 
1.12646 -0.668495 
0.602482 -0.677281 
0.762328 -1.35564 
0.477522 -0.722149 
0.762328 -1.35564 
0.762328 -1.35564 
0.762328 -1.35564 
0.446136 -0.215269 
0.316035 -0.508863 
0.655512 -0.524109 
0.901656 -0.710256 
0.994902 0.0848822 
1.02693 0.0240539 
0.918701 -0.441584 
-0.164584 -1.59158 
0.215919 -0.719978 
-0.164584 -1.59158 
-0.164584 -1.59158 
1.19643 -0.633401 
-0.498456 -1.58187 
-0.498456 -1.58187 
-0.498456 -1.58187 
1.08314 -0.299513 
0.600586 -1.27618 
0.73415 -0.891151 
-0.215293 1.36615 
0.366672 -1.10085 
0.366672 -1.10085 
0.600586 -1.27618 
0.762328 -1.35564 
0.337951 -0.0755243 
0.0873521 -0.873761 
0.821094 0.268843 
-0.732573 1.08012 
0.0713986 -0.905 
-0.705944 1.18514 
0.359452 -0.143277 
0.27965 -1.09894 
-0.705944 1.18514 
-0.410331 -1.48577 
-0.410331 -1.48577 
0.525012 -0.802001 
0.481409 -0.420149 
0.600586 -1.27618 
0.506161 -0.491455 
0.600586 -1.27618 
0.600586 -1.27618 
1.76629 -0.131894 
1.5077 -0.228117 
0.446135 -0.215269 
0.334746 -0.474492 
0.994902 0.0848822 
1.02693 0.0240538 
0.601575 -0.436985 
-0.164584 -1.59158 
0.215919 -0.719978 
-0.164584 -1.59158 
-0.7304 -1.47036 
-1.07502 -1.26115 
1.07784 -0.288554 
0.22413 -0.973651 
0.22413 -0.973651 
0.73415 -0.891151 
0.366672 -1.10085 
0.366672 -1.10085 
0.370652 -1.07861 
0.762328 -1.35564 
1.6322 -0.138182 
0.612335 -0.102151 
0.0870075 -0.861515 
-0.439049 1.75658 
0.823944 0.268978 
-0.629479 0.735838 
0.294347 -0.109232 
0.272868 -0.585663 
0.0713986 -0.905 
-0.705944 1.18514 
0.612526 -0.451802 
-0.68529 -1.3417 
-1.07502 -1.26115 
1.07925 -0.25478 
0.22413 -0.973651 
0.22413 -0.973651 
0.323969 -0.662654 
0.35828 -0.0441436 
2.22962 0.452884 
0.0870075 -0.861515 
-0.439049 1.75658 
0.655042 0.2323 
0.846826 0.314049 
-0.629479 0.735838 
0.295869 -0.105512 
0.743731 0.273567 
0.067108 -0.884302 
-0.705944 1.18514 
-0.0687385 0.149411 
-0.0874106 1.18635 
-0.272678 -0.265283 
-0.498456 -1.58187 
-0.498456 -1.58187 
-1.08311 -1.45133 
-0.253875 -0.27659 
-1.60528 0.33744 
-1.43013 0.793763 
-0.423358 -1.35863 
-0.748103 0.0841972 
-1.26631 0.476369 
-0.453025 -1.27207 
-0.410331 -1.48577 
-0.604922 -0.257935 
-0.665425 1.93802 
-0.665425 1.93802 
-0.665425 1.93802 
-0.665425 1.93802 
0.594135 -1.13071 
0.600586 -1.27618 
0.600586 -1.27618 
0.600586 -1.27618 
0.600586 -1.27618 
0.600586 -1.27618 
0.600586 -1.27618 
0.600586 -1.27618 
0.600586 -1.27618 
0.600586 -1.27618 
0.600586 -1.27618 
-1.18518 0.636424 
-1.18518 0.636424 
-1.18518 0.636424 
-0.257744 0.185511 
-0.257744 0.185511 
-0.257744 0.185511 
0.330038 -0.127904 
-0.783985 1.89567 
-0.620387 1.87376 
-0.783985 1.89567 
-0.620387 1.87376 
-1.19688 1.12419 
-1.19688 1.12419 
-1.19688 1.12419 
-1.19688 1.12419 
-1.19688 1.12419 
0.438963 -0.577205 
0.600586 -1.27618 
0.600586 -1.27618 
0.600586 -1.27618 
0.552853 -1.132 
0.600586 -1.27618 
0.600586 -1.27618 
0.600586 -1.27618 
-0.665425 1.93802 
-0.665425 1.93802 
-1.19688 1.12419 
-0.57649 1.44429 
-1.19688 1.12419 
-0.57649 1.44429 
-1.19688 1.12419 
-1.19688 1.12419 
-1.19688 1.12419 
0.438963 -0.577205 
0.600586 -1.27618 
0.600586 -1.27618 
0.600586 -1.27618 
0.600586 -1.27618 
0.666395 -0.510392 
-0.665425 1.93802 
0.978641 0.0459843 
0.130282 -0.658235 
-0.498456 -1.58187 
1.37364 -0.783933 
0.600586 -1.27618 
0.600586 -1.27618 
0.600586 -1.27618 
0.600586 -1.27618 
-0.410331 -1.48577 
1.15207 -0.662622 
0.349955 -0.940423 
-0.734015 1.09442 
0.596653 -0.585874 
0.762328 -1.35564 
0.762328 -1.35564 
0.745832 -1.16748 
0.762328 -1.35564 
0.213806 -0.980738 
-0.725222 1.78545 
-0.707828 1.07865 
0.130282 -0.658235 
1.348 -0.72992 
0.600586 -1.27618 
0.600586 -1.27618 
0.600586 -1.27618 
-0.410331 -1.48577 
-0.410331 -1.48577 
1.15207 -0.662622 
0.745832 -1.16748 
0.349955 -0.940423 
-0.734015 1.09442 
1.15207 -0.662622 
0.349955 -0.940423 
-0.734015 1.09442 
1.37364 -0.783933 
0.762328 -1.35564 
0.762328 -1.35564 
0.745832 -1.16748 
0.745832 -1.16748 
0.762328 -1.35564 
0.762328 -1.35564 
0.213806 -0.980738 
-0.725222 1.78545 
0.351253 -0.14537 
0.27965 -1.09894 
-0.705944 1.18514 
0.592083 -1.16615 
0.600586 -1.27618 
0.762328 -1.35564 
0.762328 -1.35564 
-0.498456 -1.58187 
-0.707828 1.07865 
0.213806 -0.980738 
-0.725222 1.78545 
-0.685805 1.07365 
-0.410331 -1.48577 
-0.498456 -1.58187 
0.349955 -0.940423 
-0.70893 1.08873 
0.474862 -1.09001 
-0.734799 1.20639 
0.592083 -1.16615 
0.600586 -1.27618 
0.745832 -1.16748 
0.762328 -1.35564 
0.762328 -1.35564 
1.37364 -0.783933 
0.596653 -0.585874 
1.17434 -0.878685 
0.762328 -1.35564 
0.762328 -1.35564 
0.762328 -1.35564 
0.586574 -0.751007 
0.762328 -1.35564 
0.762328 -1.35564 
0.762328 -1.35564 
0.762328 -1.35564 
-0.498456 -1.58187 
-0.498456 -1.58187 
-0.498456 -1.58187 
1.3184 -0.680816 
1.37364 -0.783933 
0.600586 -1.27618 
0.600586 -1.27618 
0.600586 -1.27618 
0.600586 -1.27618 
0.600586 -1.27618 
0.600586 -1.27618 
0.600586 -1.27618 
0.600586 -1.27618 
-0.665425 1.93802 
0.978641 0.0459843 
0.130282 -0.658235 
-0.164584 -1.59158 
0.666395 -0.510392 
0.130282 -0.658235 
-0.164584 -1.59158 
-0.498456 -1.58187 
-0.498456 -1.58187 
1.3184 -0.680816 
1.37364 -0.783933 
1.348 -0.72992 
0.401262 -0.689261 
0.600586 -1.27618 
0.600586 -1.27618 
0.600586 -1.27618 
-0.410331 -1.48577 
-0.410331 -1.48577 
0.745832 -1.16748 
0.525012 -0.802001 
0.600586 -1.27618 
-0.70893 1.08873 
0.600586 -1.27618 
-0.70893 1.08873 
1.37364 -0.783933 
0.762328 -1.35564 
0.762328 -1.35564 
0.762328 -1.35564 
0.762328 -1.35564 
0.762328 -1.35564 
0.762328 -1.35564 
0.586574 -0.751007 
0.762328 -1.35564 
0.762328 -1.35564 
0.762328 -1.35564 
0.762328 -1.35564 
0.762328 -1.35564 
0.27965 -1.09894 
-0.725222 1.78545 
0.866147 0.269048 
0.588662 -0.724758 
0.762328 -1.35564 
-0.685805 1.07365 
0.324861 -0.641292 
0.324861 -0.641292 
0.366458 -0.60615 
-1.28589 -0.253839 
-0.783984 1.89567 
-0.620388 1.87376 
-0.620387 1.87376 
-0.783984 1.89567 
-0.57649 1.44429 
-0.57649 1.44429 
-0.57649 1.44429 
-0.57649 1.44429 
-0.57649 1.44429 
-0.57649 1.44429 
-1.19688 1.12419 
-1.19688 1.12419 
-1.19688 1.12419 
-1.19688 1.12419 
-1.19688 1.12419 
-0.164584 -1.59158 
-0.164584 -1.59158 
0.223938 -0.613304 
0.596653 -0.585874 
1.2176 -0.716798 
1.2176 -0.716798 
-0.498456 -1.58187 
-0.498456 -1.58187 
-0.554177 -1.3308 
-0.498456 -1.58187 
-0.498456 -1.58187 
1.348 -0.72992 
1.37364 -0.783933 
0.366672 -1.10085 
0.600586 -1.27618 
0.600586 -1.27618 
0.366672 -1.10085 
0.600586 -1.27618 
0.600586 -1.27618 
0.366672 -1.10085 
0.600586 -1.27618 
0.600586 -1.27618 
-1.21961 1.0079 
-0.787332 0.757867 
0.474862 -1.09001 
-0.734799 1.20639 
0.474862 -1.09001 
-0.734798 1.20639 
0.600586 -1.27618 
-1.17963 -0.185796 
0.525012 -0.802001 
0.745832 -1.16748 
0.370652 -1.07861 
0.762328 -1.35564 
0.762328 -1.35564 
-1.21961 1.0079 
-0.787332 0.757867 
0.474862 -1.09001 
-0.734799 1.20639 
0.474862 -1.09001 
-0.734799 1.20639 
0.600586 -1.27618 
-1.35553 -0.414576 
0.745832 -1.16748 
0.745832 -1.16748 
0.370652 -1.07861 
0.762328 -1.35564 
0.762328 -1.35564 
1.37364 -0.783933 
0.370652 -1.07861 
0.370652 -1.07861 
0.745832 -1.16748 
0.762328 -1.35564 
0.745832 -1.16748 
0.745832 -1.16748 
0.745832 -1.16748 
0.745832 -1.16748 
0.276222 -0.703178 
0.762328 -1.35564 
0.597529 -0.767065 
0.370652 -1.07861 
0.762328 -1.35564 
0.762328 -1.35564 
0.370652 -1.07861 
0.762328 -1.35564 
0.762328 -1.35564 
0.762328 -1.35564 
0.118195 -0.902618 
-1.12409 1.00414 
0.26753 -0.141941 
0.370652 -1.07861 
-0.76767 0.756267 
0.0873521 -0.873761 
0.366672 -1.10085 
-0.993871 1.43838 
0.870749 0.273435 
0.27965 -1.09894 
-0.705944 1.18514 
0.27965 -1.09894 
-0.705944 1.18514 
0.600586 -1.27618 
-0.737636 0.536895 
-0.453025 -1.27207 
-0.410331 -1.48577 
-0.410331 -1.48577 
0.745832 -1.16748 
0.745832 -1.16748 
0.366672 -1.10085 
-0.729597 0.664856 
0.600586 -1.27618 
-0.70893 1.08873 
0.370652 -1.07861 
0.762328 -1.35564 
0.762328 -1.35564 
0.586574 -0.751007 
0.600586 -1.27618 
0.600586 -1.27618 
0.600586 -1.27618 
-0.620387 1.87376 
-0.783984 1.89567 
-0.665425 1.93802 
-0.620388 1.87376 
-0.783984 1.89567 
-0.665425 1.93802 
-0.338715 0.14898 
-1.19688 1.12419 
-0.257744 0.185511 
-0.338715 0.14898 
-1.19688 1.12419 
-0.257744 0.185511 
-1.08311 -1.45133 
-0.665425 1.93802 
-0.665426 1.93802 
-0.665425 1.93802 
0.594135 -1.13071 
0.600586 -1.27618 
0.600586 -1.27618 
0.600586 -1.27618 
0.600586 -1.27618 
0.600586 -1.27618 
0.600586 -1.27618 
0.600586 -1.27618 
0.600586 -1.27618 
0.600586 -1.27618 
0.600586 -1.27618 
-1.18518 0.636424 
-0.257744 0.185511 
-0.257744 0.185511 
-1.18518 0.636424 
0.324861 -0.641292 
0.366458 -0.60615 
-1.28589 -0.253839 
0.309227 -0.544488 
0.366672 -1.10085 
0.366672 -1.10085 
0.600586 -1.27618 
0.600586 -1.27618 
0.666395 -0.510392 
-0.665425 1.93802 
-0.841577 -1.64089 
-1.04751 0.586069 
-1.04751 0.586069 
0.978641 0.0459843 
-0.164584 -1.59158 
-0.164584 -1.59158 
0.313267 -0.55338 
1.2176 -0.716798 
-0.498456 -1.58187 
-0.498456 -1.58187 
-0.554177 -1.3308 
-0.498456 -1.58187 
-0.498456 -1.58187 
1.3184 -0.680816 
1.37364 -0.783933 
0.366672 -1.10085 
0.600586 -1.27618 
0.600586 -1.27618 
0.366672 -1.10085 
0.600586 -1.27618 
0.600586 -1.27618 
0.366672 -1.10085 
0.600586 -1.27618 
0.600586 -1.27618 
0.366672 -1.10085 
0.600586 -1.27618 
0.600586 -1.27618 
-1.21961 1.0079 
-0.787332 0.757867 
0.474862 -1.09001 
-0.734799 1.20639 
0.474862 -1.09001 
-0.734799 1.20639 
0.600586 -1.27618 
-1.17963 -0.185796 
1.20866 -0.714664 
0.525012 -0.802001 
0.370652 -1.07861 
0.762328 -1.35564 
0.762328 -1.35564 
0.596653 -0.585874 
0.370652 -1.07861 
0.370652 -1.07861 
0.762328 -1.35564 
0.745832 -1.16748 
0.745832 -1.16748 
0.762328 -1.35564 
0.762328 -1.35564 
0.370652 -1.07861 
0.762328 -1.35564 
0.762328 -1.35564 
0.762328 -1.35564 
0.118195 -0.902618 
-1.12409 1.00414 
-0.76767 0.756267 
-0.993871 1.43838 
0.362963 -0.139884 
0.27965 -1.09894 
-0.705944 1.18514 
0.27965 -1.09894 
-0.705944 1.18514 
0.600586 -1.27618 
-0.75024 0.523062 
-0.453025 -1.27207 
-0.410331 -1.48577 
-0.410331 -1.48577 
1.10566 -0.623942 
0.745832 -1.16748 
0.745832 -1.16748 
-0.745871 0.653164 
1.15207 -0.662622 
0.349955 -0.940423 
-0.734015 1.09442 
0.370652 -1.07861 
0.762328 -1.35564 
0.762328 -1.35564 
0.745832 -1.16748 
0.600586 -1.27618 
0.600586 -1.27618 
0.600586 -1.27618 
-1.08311 -1.45133 
-1.07502 -1.26115 
0.252582 -0.516536 
0.552853 -1.132 
0.34652 -0.52354 
-0.665425 1.93802 
-0.839746 -1.53983 
-1.04751 0.586069 
0.978641 0.0459843 
0.0036479 -0.621319 
0.139768 -0.779738 
-0.164584 -1.59158 
-0.498456 -1.58187 
1.3184 -0.680816 
1.37364 -0.783933 
0.366672 -1.10085 
0.600586 -1.27618 
0.366672 -1.10085 
0.600586 -1.27618 
0.596653 -0.585874 
0.762328 -1.35564 
0.762328 -1.35564 
0.118195 -0.902618 
0.370652 -1.07861 
0.762328 -1.35564 
-1.12409 1.00414 
-0.76767 0.756267 
0.370652 -1.07861 
-0.735579 1.15997 
0.366937 -0.137446 
0.27965 -1.09894 
-0.705944 1.18514 
-0.681565 0.371968 
-0.956837 0.101024 
1.10566 -0.623942 
0.525012 -0.802001 
0.745832 -1.16748 
-1.05395 1.48654 
0.370652 -1.07861 
-0.745871 0.653164 
0.00364791 -0.621319 
-0.164584 -1.59158 
-0.498456 -1.58187 
1.348 -0.72992 
1.37364 -0.783933 
0.366672 -1.10085 
0.600586 -1.27618 
0.366672 -1.10085 
0.600586 -1.27618 
0.366672 -1.10085 
0.600586 -1.27618 
-1.07502 -1.26115 
-1.21961 1.0079 
-0.787332 0.757867 
0.474862 -1.09001 
-0.734799 1.20639 
-1.17963 -0.185796 
0.525012 -0.802001 
-1.21961 1.0079 
-0.787332 0.757867 
0.474862 -1.09001 
-0.734799 1.20639 
-1.35553 -0.414576 
0.745832 -1.16748 
1.37364 -0.783933 
0.370652 -1.07861 
0.370652 -1.07861 
0.745832 -1.16748 
0.745832 -1.16748 
0.276222 -0.703178 
0.762328 -1.35564 
0.597529 -0.767065 
0.370652 -1.07861 
0.762328 -1.35564 
0.370652 -1.07861 
0.762328 -1.35564 
0.762328 -1.35564 
0.118195 -0.902618 
-1.12409 1.00414 
1.33492 -0.68569 
-0.76767 0.756267 
0.0870075 -0.861515 
-0.735579 1.15997 
0.872987 0.273533 
0.27965 -1.09894 
-0.705944 1.18514 
-0.672957 0.388844 
-0.91682 0.165132 
0.745832 -1.16748 
-1.05395 1.48654 
-0.729597 0.664856 
0.370652 -1.07861 
0.370652 -1.07861 
0.370652 -1.07861 
0.370652 -1.07861 
0.762328 -1.35564 
0.762328 -1.35564 
0.370652 -1.07861 
0.370652 -1.07861 
0.370652 -1.07861 
0.370652 -1.07861 
0.762328 -1.35564 
0.762328 -1.35564 
0.370652 -1.07861 
0.370652 -1.07861 
0.370652 -1.07861 
0.370652 -1.07861 
0.762328 -1.35564 
0.762328 -1.35564 
0.396109 1.68545 
-0.289573 -0.269166 
-1.09012 0.884341 
-1.60528 0.33744 
-1.07506 -0.149454 
-0.620387 1.87376 
-0.522984 0.0647322 
-1.18518 0.636424 
-1.09049 0.559696 
0.600586 -1.27618 
0.600586 -1.27618 
0.600586 -1.27618 
0.431432 -1.07466 
0.600586 -1.27618 
0.431432 -1.07466 
-0.665425 1.93802 
-1.19688 1.12419 
1.88272 0.185346 
1.37364 -0.783933 
0.762328 -1.35564 
0.349955 -0.940423 
-1.0206 1.48394 
-0.734015 1.09442 
0.444831 -0.636535 
1.37364 -0.783933 
0.745832 -1.16748 
0.762328 -1.35564 
0.762328 -1.35564 
0.349955 -0.940423 
-0.734015 1.09442 
0.592083 -1.16615 
0.600586 -1.27618 
0.349955 -0.940423 
-1.0206 1.48394 
-0.70893 1.08873 
0.762328 -1.35564 
0.762328 -1.35564 
0.762328 -1.35564 
0.762328 -1.35564 
1.37364 -0.783933 
-0.620387 1.87376 
-1.19688 1.12419 
1.40863 -0.0248756 
1.17015 -0.87647 
0.444831 -0.636535 
1.37364 -0.783933 
0.586574 -0.751007 
0.762328 -1.35564 
0.762328 -1.35564 
0.762328 -1.35564 
0.762328 -1.35564 
0.762328 -1.35564 
0.762328 -1.35564 
0.762328 -1.35564 
0.349955 -0.940423 
-0.70893 1.08873 
0.474862 -1.09001 
-0.734799 1.20639 
0.592083 -1.16615 
0.592083 -1.16615 
0.600586 -1.27618 
0.600586 -1.27618 
0.349955 -0.940423 
-1.0206 1.48394 
-0.70893 1.08873 
0.150071 -0.751909 
0.150071 -0.75191 
0.444831 -0.636535 
1.37364 -0.783933 
0.745832 -1.16748 
0.745832 -1.16748 
-0.940006 -0.446272 
0.370652 -1.07861 
0.762328 -1.35564 
0.762328 -1.35564 
0.370652 -1.07861 
0.762328 -1.35564 
0.762328 -1.35564 
0.762328 -1.35564 
0.597529 -0.767065 
0.762328 -1.35564 
0.762328 -1.35564 
0.762328 -1.35564 
0.762328 -1.35564 
-1.21961 1.0079 
-0.787332 0.757867 
0.474862 -1.09001 
-0.734799 1.20639 
0.474862 -1.09001 
-0.734799 1.20639 
0.600586 -1.27618 
-1.35553 -0.414576 
0.745832 -1.16748 
0.745832 -1.16748 
0.370652 -1.07861 
0.762328 -1.35564 
0.762328 -1.35564 
0.382987 -1.04209 
0.592083 -1.16615 
0.592083 -1.16615 
0.366672 -1.10085 
0.600586 -1.27618 
0.600586 -1.27618 
-1.08787 0.740503 
-0.749236 0.606572 
0.349955 -0.940423 
-0.70893 1.08873 
0.349955 -0.940423 
-0.70893 1.08873 
0.600586 -1.27618 
-1.17963 -0.185796 
0.586574 -0.751007 
0.370652 -1.07861 
0.762328 -1.35564 
0.762328 -1.35564 
0.370652 -1.07861 
0.762328 -1.35564 
0.762328 -1.35564 
0.370652 -1.07861 
0.762328 -1.35564 
-0.665425 1.93802 
-0.522984 0.0647322 
-1.09049 0.559696 
0.150071 -0.751909 
0.366672 -1.10085 
0.600586 -1.27618 
0.600586 -1.27618 
0.279576 -0.986569 
0.600586 -1.27618 
0.600586 -1.27618 
-0.620387 1.87376 
-1.0024 0.685452 
1.40863 -0.0248756 
1.37364 -0.783933 
0.370652 -1.07861 
0.762328 -1.35564 
0.762328 -1.35564 
0.762328 -1.35564 
0.762328 -1.35564 
0.762328 -1.35564 
0.762328 -1.35564 
-1.08787 0.740503 
-0.749236 0.606572 
0.349955 -0.940423 
-0.734015 1.09442 
0.349955 -0.940423 
-0.734015 1.09442 
0.600586 -1.27618 
-1.17963 -0.185796 
0.745832 -1.16748 
0.745832 -1.16748 
0.370652 -1.07861 
0.762328 -1.35564 
0.762328 -1.35564 
0.366672 -1.10085 
0.600586 -1.27618 
0.279576 -0.986569 
0.600586 -1.27618 
1.15207 -0.662622 
-0.620387 1.87376 
-1.0024 0.685452 
1.40863 -0.0248756 
0.313267 -0.55338 
1.37364 -0.783933 
0.370652 -1.07861 
0.762328 -1.35564 
0.762328 -1.35564 
0.762328 -1.35564 
0.762328 -1.35564 
0.762328 -1.35564 
0.762328 -1.35564 
0.762328 -1.35564 
-1.08787 0.740503 
-0.749236 0.606572 
1.15207 -0.662622 
0.349955 -0.940423 
-0.734015 1.09442 
-1.17963 -0.185796 
0.745832 -1.16748 
0.596653 -0.585874 
0.596653 -0.585874 
1.37364 -0.783933 
0.745832 -1.16748 
-0.940006 -0.446272 
0.370652 -1.07861 
0.745832 -1.16748 
0.762328 -1.35564 
0.597529 -0.767065 
0.762328 -1.35564 
0.762328 -1.35564 
0.762328 -1.35564 
0.762328 -1.35564 
0.366672 -1.10085 
-1.08787 0.740503 
-0.749236 0.606572 
0.600586 -1.27618 
-0.70893 1.08873 
-1.17963 -0.185796 
0.586574 -0.751007 
0.370652 -1.07861 
0.370652 -1.07861 
0.370652 -1.07861 
0.370652 -1.07861 
0.762328 -1.35564 
0.762328 -1.35564 
0.370652 -1.07861 
0.370652 -1.07861 
0.370652 -1.07861 
0.370652 -1.07861 
0.762328 -1.35564 
0.762328 -1.35564 
0.370652 -1.07861 
0.370652 -1.07861 
0.370652 -1.07861 
0.762328 -1.35564 
-0.650254 -0.295519 
-1.55864 -0.562101 
-1.47206 -0.454742 
-1.32678 -0.277477 
-1.55864 -0.562101 
-1.47206 -0.454742 
-1.32678 -0.277477 
-1.55864 -0.562101 
-0.797165 -0.616254 
-1.31235 -0.367293 
-1.55864 -0.562101 
-1.31235 -0.367293 
-0.895087 -0.122942 
-1.55864 -0.562101 
-1.47206 -0.454742 
-1.47206 -0.454742 
-1.55864 -0.562101 
-1.47206 -0.454742 
-1.55864 -0.562101 
-1.47206 -0.454742 
-1.47206 -0.454742 
-1.55864 -0.562101 
-1.47206 -0.454742 
-1.55864 -0.562101 
-1.47206 -0.454742 
-1.32678 -0.277477 
-1.55864 -0.562101 
-1.31235 -0.367293 
-1.55468 -0.640495 
-1.47206 -0.454742 
-1.17695 -0.202728 
-1.13821 -0.1106 
-0.813567 -0.0216424 
-1.11911 -0.250942 
-1.11264 -0.243619 
-1.1482 -0.27551 
-1.57994 -0.579044 
-1.42885 -0.369581 
-1.57994 -0.579044 
-1.42885 -0.369581 
-1.27834 -0.297769 
-1.66451 -0.692573 
-1.57994 -0.579044 
-1.92905 -0.432339 
-1.92905 -0.432339 
-1.92905 -0.432339 
-0.823906 -0.513235 
-0.809432 -0.487082 
-1.66451 -0.692573 
-1.57994 -0.579044 
-0.942186 -0.22224 
-0.919285 -0.0872442 
-1.27545 -0.349969 
-1.27545 -0.349969 
-1.61639 0.0044996 
-1.23681 -0.256285 
-1.42364 -0.431723 
-1.61639 0.00449956 
-1.09835 -0.121752 
-0.753185 -0.340752 
0.370652 -1.07861 
0.762328 -1.35564 
0.762328 -1.35564 
-0.780954 -0.445881 
-1.31795 -0.271248 
-1.58078 -0.493054 
-1.77866 -0.127085 
-0.809432 -0.487082 
-1.66451 -0.692573 
-1.92905 -0.432339 
-1.92905 -0.432339 
-1.92905 -0.432339 
-1.77866 -0.127085 
-0.809432 -0.487082 
-1.66451 -0.692573 
-1.39888 -0.497308 
-1.22823 -0.224711 
-0.69109 -0.240389 
-1.61639 0.0044996 
-1.23681 -0.256285 
-0.838372 -0.510116 
-1.2592 -0.323127 
-1.61639 0.00449955 
-1.23681 -0.256285 
-1.42364 -0.431723 
-1.61639 0.00449959 
-0.989191 -0.026586 
-0.689043 -0.418489 
-0.739586 -0.302568 
-0.831195 -0.473431 
-1.22668 -0.332054 
-0.453552 -0.343028 
-1.22823 -0.224711 
-1.38569 -0.528957 
-1.32222 -0.338187 
1.28976 -0.674587 
-1.22967 0.0916107 
-0.7844 -0.361749 
-0.831195 -0.473431 
-1.22967 0.0916107 
-0.7844 -0.361749 
-0.831195 -0.473431 
-1.39888 -0.497308 
0.370652 -1.07861 
-1.62426 -0.674325 
0.370652 -1.07861 
0.762328 -1.35564 
0.762328 -1.35564 
-1.22967 0.0916107 
-0.536686 0.0842813 
-0.754474 0.529798 
-0.72285 -0.283623 
-0.49721 1.84619 
-0.783984 1.89567 
-0.49721 1.84619 
-0.783984 1.89567 
-0.277984 -0.107279 
-0.438826 0.0747921 
-1.15793 -0.170315 
0.22413 -0.973651 
-0.426766 0.0834731 
-0.75473 0.54755 
-0.545621 0.185426 
-0.49721 1.84619 
-0.783984 1.89567 
-0.140668 -0.0547104 
-0.172409 -0.0728656 
1.69825 -0.593509 
0.221823 1.5312 
-0.0497558 -0.125063 
0.949659 -0.0698745 
0.92324 0.151362 
-0.635364 0.416909 
1.10056 0.840608 
1.06505 0.851767 
1.85292 1.59118 
1.27322 1.39783 
1.85292 1.59118 
0.250757 1.03548 
0.491086 2.01912 
-1.0595 -1.24637 
-1.0595 -1.24637 
-1.0595 -1.24637 
-1.0595 -1.24637 
-1.0595 -1.24637 
-1.0595 -1.24637 
-1.0595 -1.24637 
-1.0595 -1.24637 
-1.0595 -1.24637 
-1.0595 -1.24637 
-1.0595 -1.24637 
-1.0595 -1.24637 
-1.0595 -1.24637 
1.62316 1.63995 
0.0851616 0.174927 
-0.171655 0.0985599 
0.29758 1.79172 
-0.253458 0.0808809 
-1.0522 1.32722 
-0.173207 0.0995224 
1.06505 0.851767 
0.255495 1.05088 
0.257649 1.65225 
-0.49721 1.84619 
0.39662 1.61531 
1.41996 -0.899458 
-0.327961 1.45795 
0.366672 -1.10085 
1.41996 -0.899458 
-0.401819 1.48641 
0.366672 -1.10085 
0.17932 0.735061 
0.20521 -0.939424 
0.366672 -1.10085 
0.20521 -0.939424 
0.366672 -1.10085 
0.0786531 0.241098 
0.147932 -0.243809 
0.339455 1.87609 
1.37567 -0.807913 
0.096791 0.865602 
-0.145593 0.167007 
-0.0610499 0.149237 
-0.0436163 1.29001 
-1.08311 -1.45133 
-0.554177 -1.3308 
-0.498456 -1.58187 
-0.554177 -1.3308 
-0.498456 -1.58187 
-0.686054 -1.08908 
-0.255098 -0.286978 
-1.60528 0.33744 
-1.43013 0.793763 
-0.410331 -1.48577 
-1.57547 0.371794 
-1.26631 0.476369 
-0.453025 -1.27207 
-0.410331 -1.48577 
-0.604922 -0.257935 
0.370652 -1.07861 
0.370652 -1.07861 
0.370652 -1.07861 
0.370652 -1.07861 
0.762328 -1.35564 
0.762328 -1.35564 
0.370652 -1.07861 
0.370652 -1.07861 
0.370652 -1.07861 
0.370652 -1.07861 
0.762328 -1.35564 
0.762328 -1.35564 
-0.289573 -0.269166 
-1.09012 0.884341 
-1.07506 -0.149454 
0.370652 -1.07861 
0.370652 -1.07861 
0.370652 -1.07861 
0.370652 -1.07861 
0.762328 -1.35564 
0.762328 -1.35564 
-0.650254 -0.295519 
-1.55864 -0.562101 
-1.47206 -0.454742 
-1.32678 -0.277477 
-1.55864 -0.562101 
-0.797165 -0.616254 
-1.31235 -0.367293 
-1.07407 -0.194522 
-1.31235 -0.367293 
-0.644743 -0.19326 
-1.17695 -0.202728 
-0.813567 -0.0216424 
-1.11911 -0.250942 
-1.11264 -0.243619 
-1.1482 -0.27551 
-0.919285 -0.0872442 
-1.27545 -0.349969 
-1.03969 -0.148816 
-0.801661 -0.113758 
-1.50652 -0.721574 
-1.28809 -0.434413 
-1.51317 -0.701731 
-1.24443 -0.141024 
-1.42079 -0.476743 
-1.52325 -0.477636 
-1.57994 -0.579044 
-1.22823 -0.224711 
-1.61639 0.0044996 
-1.23681 -0.256285 
-0.838372 -0.510116 
-1.2592 -0.323127 
-1.61639 0.0044996 
-0.989191 -0.026586 
-0.689043 -0.418489 
-0.739586 -0.302568 
-0.753622 -0.372929 
-1.22668 -0.332054 
-0.396059 -0.346563 
-1.25202 -0.387973 
-1.36627 -0.289261 
-1.28809 -0.434413 
-0.49721 1.84619 
-0.365149 -0.188871 
1.12572 -0.112992 
-1.22823 -0.224711 
-1.38569 -0.528957 
1.28976 -0.674587 
0.762328 -1.35564 
1.23661 -0.0699526 
-1.22967 0.0916107 
0.370652 -1.07861 
0.370652 -1.07861 
0.762328 -1.35564 
-0.536686 0.0842813 
-0.605834 0.229286 
-0.72285 -0.283623 
-0.27752 -0.354271 
-1.08311 -1.45133 
-1.08311 -1.45133 
-0.783984 1.89567 
-0.318568 -0.194945 
0.860578 0.0864069 
-1.15793 -0.170315 
0.22413 -0.973651 
0.366672 -1.10085 
-0.407392 0.101518 
-0.75473 0.54755 
-0.545621 0.185426 
1.27322 1.39784 
-1.12144 1.2478 
-1.12144 1.2478 
-1.0595 -1.24637 
0.366672 -1.10085 
-0.34961 -0.115726 
0.198401 1.54021 
-0.0745387 0.127832 
0.366672 -1.10085 
1.30276 -0.363482 
1.89144 -0.240439 
2.15317 0.196811 
0.0749063 1.36677 
-0.134744 -0.048131 
0.861264 0.189138 
0.221823 1.5312 
-0.0910705 -0.157954 
0.935459 -0.0927014 
0.300084 -0.622754 
0.92324 0.151362 
1.09482 0.067738 
0.948267 -0.22219 
0.309164 -0.696238 
0.22413 -0.973651 
1.50346 -0.0559888 
-0.133475 -0.156158 
-0.132275 -0.623027 
-0.885697 0.536147 
-0.635364 0.416909 
-0.101756 -0.123221 
0.00302722 0.15836 
0.198401 1.54021 
0.22413 -0.973651 
0.931412 -0.0780725 
1.27322 1.39784 
1.06505 0.851767 
0.257754 1.04711 
0.0862111 0.18015 
0.860135 0.276053 
0.482395 -0.118856 
0.851371 0.297917 
-0.0330939 0.216468 
0.370652 -1.07861 
0.245767 1.00364 
2.00798 0.524137 
0.751204 0.305975 
-0.294008 0.226086 
0.370652 -1.07861 
0.370652 -1.07861 
2.10712 0.449788 
-0.649635 0.412145 
-1.85918 -0.060837 
0.751204 0.305975 
1.06505 0.851767 
0.24797 1.05048 
0.12673 0.215012 
0.858796 0.279156 
-0.642686 0.407246 
0.655042 0.2323 
0.931412 -0.0780725 
1.27322 1.39784 
0.478382 -0.093208 
-2.19963 0.996265 
-1.38753 1.21354 
-2.3137 0.858144 
-1.38753 1.21354 
-2.3137 0.858144 
-2.3137 0.858143 
0.14565 -0.219796 
0.1156 0.817048 
-0.13295 0.170328 
-1.07502 -1.26115 
-1.07502 -1.26115 
0.355975 0.00852928 
0.366672 -1.10085 
0.345488 -1.05309 
0.366672 -1.10085 
0.366672 -1.10085 
0.366672 -1.10085 
0.366672 -1.10085 
0.320263 -1.004 
0.320263 -1.004 
-0.133831 1.23016 
0.441854 -0.766132 
1.06819 -0.622553 
1.2565 -0.717706 
0.305177 -1.17296 
0.718568 -0.854674 
0.73415 -0.891151 
0.73415 -0.891151 
0.305177 -1.17296 
0.73415 -0.891151 
0.762328 -1.35564 
0.73415 -0.891151 
0.704787 -0.835051 
0.305177 -1.17296 
0.305177 -1.17296 
0.648015 -0.751074 
0.73415 -0.891151 
-1.38702 -0.577693 
0.0874576 -0.423789 
-1.26347 -0.492248 
0.0874576 -0.423789 
0.0874576 -0.423789 
0.330838 -0.583431 
0.323969 -0.662654 
0.360078 -0.0186127 
0.594135 -1.13071 
0.345488 -1.05309 
0.366672 -1.10085 
0.600586 -1.27618 
0.366672 -1.10085 
0.366672 -1.10085 
0.600586 -1.27618 
0.366672 -1.10085 
0.366672 -1.10085 
0.600586 -1.27618 
0.366672 -1.10085 
0.366672 -1.10085 
0.600586 -1.27618 
0.366672 -1.10085 
0.366672 -1.10085 
0.600586 -1.27618 
0.366672 -1.10085 
0.366672 -1.10085 
0.600586 -1.27618 
0.366672 -1.10085 
0.366672 -1.10085 
0.600586 -1.27618 
0.366672 -1.10085 
0.366672 -1.10085 
0.600586 -1.27618 
0.366672 -1.10085 
0.366672 -1.10085 
0.600586 -1.27618 
0.366672 -1.10085 
0.366672 -1.10085 
0.600586 -1.27618 
-0.155824 1.30846 
0.600586 -1.27618 
0.600586 -1.27618 
0.600586 -1.27618 
0.36291 -0.0444081 
1.28948 0.445323 
-0.732573 1.08012 
-0.734799 1.20639 
-0.732573 1.08012 
-0.734799 1.20639 
0.474862 -1.09001 
-0.734799 1.20639 
0.663126 0.209853 
1.28569 0.450581 
-0.732573 1.08012 
0.352339 -0.031812 
-0.766534 0.980433 
-0.439049 1.75658 
0.644957 0.231939 
0.745651 0.298305 
-0.734799 1.20639 
0.839091 0.314528 
-0.734799 1.20639 
0.22413 -0.973651 
0.22413 -0.973651 
0.737202 0.304798 
-0.439049 1.75658 
-0.734799 1.20639 
-0.439049 1.75658 
0.644957 0.231939 
-1.1008 1.16975 
-2.3137 0.858144 
-2.3137 0.858144 
-2.3137 0.858144 
-2.3137 0.858144 
-0.209729 0.0997862 
-0.256752 0.821404 
-0.304639 -0.18379 
-1.22954 -0.0345718 
-1.10978 0.441977 
-0.753112 0.0295008 
-0.980811 0.10566 
-0.605557 -0.190115 
-0.967778 -0.034507 
-0.381302 1.64987 
-0.665425 1.93802 
-1.12771 1.77975 
-0.665425 1.93802 
-0.665425 1.93802 
-0.665425 1.93802 
0.594135 -1.13071 
0.380528 -1.01631 
0.366672 -1.10085 
0.600586 -1.27618 
0.366672 -1.10085 
0.600586 -1.27618 
0.366672 -1.10085 
0.600586 -1.27618 
0.366672 -1.10085 
0.600586 -1.27618 
0.366672 -1.10085 
0.600586 -1.27618 
0.366672 -1.10085 
0.600586 -1.27618 
0.366672 -1.10085 
0.600586 -1.27618 
0.366672 -1.10085 
0.600586 -1.27618 
0.366672 -1.10085 
0.600586 -1.27618 
0.366672 -1.10085 
0.600586 -1.27618 
-0.318945 -0.273887 
-0.986831 0.337921 
-0.839746 -1.53983 
0.667065 1.71995 
-1.23579 0.31018 
-1.08311 -1.45133 
-1.08311 -1.45133 
-1.3474 0.702903 
-0.839746 -1.53983 
-0.257744 0.185511 
-1.04751 0.586069 
-1.08311 -1.45133 
0.0812512 -0.699137 
-1.32793 -0.0984526 
-1.41771 -0.313795 
-1.08311 -1.45133 
-1.08311 -1.45133 
-0.381302 1.64987 
-0.665425 1.93802 
-1.12771 1.77975 
-0.665425 1.93802 
-0.665425 1.93802 
-0.665425 1.93802 
0.594135 -1.13071 
0.594135 -1.13071 
0.380528 -1.01631 
0.366672 -1.10085 
0.600586 -1.27618 
0.600586 -1.27618 
0.366672 -1.10085 
0.600586 -1.27618 
0.600586 -1.27618 
0.366672 -1.10085 
0.600586 -1.27618 
0.600586 -1.27618 
0.366672 -1.10085 
0.600586 -1.27618 
0.600586 -1.27618 
0.366672 -1.10085 
0.600586 -1.27618 
0.600586 -1.27618 
0.366672 -1.10085 
0.600586 -1.27618 
0.600586 -1.27618 
0.366672 -1.10085 
0.600586 -1.27618 
0.600586 -1.27618 
0.366672 -1.10085 
0.600586 -1.27618 
0.600586 -1.27618 
0.366672 -1.10085 
0.600586 -1.27618 
0.600586 -1.27618 
0.366672 -1.10085 
0.600586 -1.27618 
0.600586 -1.27618 
-0.318945 -0.273887 
-0.986831 0.337921 
-0.511874 0.057994 
-1.18518 0.636424 
-0.841577 -1.64089 
-0.986831 0.337921 
-0.841577 -1.64089 
-1.04751 0.586069 
-0.257744 0.185511 
-1.04751 0.586069 
0.138575 -0.659958 
0.324861 -0.641292 
-1.28612 -0.0805025 
-1.32793 -0.0984527 
-1.41771 -0.313795 
0.600586 -1.27618 
-1.22543 0.060009 
0.600586 -1.27618 
0.600586 -1.27618 
-1.17963 -0.185796 
-1.21961 1.0079 
0.22413 -0.973651 
-0.749236 0.606572 
-1.35553 -0.414576 
-1.21961 1.0079 
0.600586 -1.27618 
0.745832 -1.16748 
-0.787332 0.757867 
0.370652 -1.07861 
0.370652 -1.07861 
0.370652 -1.07861 
0.370652 -1.07861 
0.370652 -1.07861 
0.762328 -1.35564 
0.370652 -1.07861 
0.370652 -1.07861 
0.762328 -1.35564 
0.745832 -1.16748 
0.0873521 -0.873761 
-1.07229 0.862656 
0.870749 0.273435 
0.870749 0.273435 
1.31597 -0.644127 
-0.764065 0.542248 
-1.17963 -0.185796 
-1.12572 0.881392 
0.22413 -0.973651 
-0.745642 0.592057 
0.0870075 -0.861515 
0.22413 -0.973651 
-0.835272 0.728893 
0.860719 0.276629 
0.0873521 -0.873761 
-0.732573 1.08012 
-0.695529 0.392484 
-0.941699 0.205668 
-1.07229 0.862656 
1.2643 -0.57903 
1.33492 -0.68569 
-0.764065 0.542248 
-1.07502 -1.26115 
-1.07502 -1.26115 
-1.21961 1.0079 
-0.749236 0.606572 
-0.734799 1.20639 
-1.17963 -0.185796 
-1.21961 1.0079 
-0.787332 0.757867 
0.474862 -1.09001 
-0.734799 1.20639 
-1.35553 -0.414576 
0.745832 -1.16748 
0.370652 -1.07861 
0.370652 -1.07861 
0.745832 -1.16748 
0.366672 -1.10085 
-1.22543 0.0600091 
0.600586 -1.27618 
0.366672 -1.10085 
0.600586 -1.27618 
0.366672 -1.10085 
0.600586 -1.27618 
-1.17963 -0.185796 
-1.12572 0.881392 
-0.745642 0.592057 
-0.835272 0.728893 
0.839091 0.314528 
-0.695529 0.392484 
-0.932814 0.209239 
-0.0567445 -0.0397979 
-0.787332 0.757867 
-0.787332 0.757867 
-0.780531 0.607106 
-0.787332 0.757867 
-0.808733 0.610377 
-0.787332 0.757867 
-0.787332 0.757867 
-0.787332 0.757867 
-1.18344 0.0705742 
-0.808733 0.610377 
-0.771833 -0.191384 
-1.43733 -0.20901 
-0.85495 -0.311899 
-1.26002 -0.0771572 
-1.43733 -0.20901 
-1.21967 -0.189262 
-1.24533 -0.129492 
-0.957942 -0.0288058 
-1.19605 -0.112389 
-1.3285 -0.155837 
-1.15635 -0.0585109 
-1.31889 -0.14541 
-0.843668 -0.309013 
-0.86066 -0.305139 
-1.34469 -0.163452 
-1.17559 -0.0946052 
-1.12763 -0.00634905 
-1.17249 -0.211305 
-1.41145 -0.0364662 
-1.10537 -0.0224344 
-0.85035 -0.226361 
-0.900898 -0.194545 
-1.24533 -0.129492 
-1.20463 -0.0301191 
-1.37217 -0.091474 
-1.44965 -0.105145 
-1.10774 -0.178507 
-1.26951 0.0752718 
-1.11559 0.0303602 
-0.869712 -0.143121 
-0.916166 -0.16992 
-1.22121 0.00598288 
-0.723672 -0.174419 
-1.12125 -0.14791 
-0.827918 -0.32157 
-1.09445 -0.159935 
-1.24512 -0.184347 
-1.19791 0.101366 
-1.27872 0.0997832 
-1.06688 0.101621 
-0.854675 -0.0923091 
-0.894758 -0.145959 
-0.961372 0.00342735 
-1.05746 -0.0420739 
-0.742931 0.520801 
-1.05514 0.12015 
-1.11642 0.106121 
-0.70961 0.24029 
-0.791562 -0.0445824 
-1.27405 1.0265 
-2.3137 0.858144 
-2.3137 0.858143 
-2.3137 0.858143 
-2.3137 0.858143 
-2.3137 0.858144 
-2.3137 0.858143 
-2.02498 1.11697 
-2.3137 0.858144 
-2.11979 0.990629 
-2.11979 0.990629 
-2.3137 0.858143 
-2.02498 1.11697 
-2.3137 0.858143 
-0.244089 -0.276171 
-1.27167 -0.340913 
-1.27167 -0.340913 
-1.29483 -0.271977 
-1.07419 -0.119817 
-1.29483 -0.271978 
-1.16994 -0.208211 
-1.29483 -0.271977 
-1.05649 -0.136394 
-1.32871 -0.454144 
-1.00029 -0.0808798 
0.00400016 -0.0742811 
-0.492484 0.0518597 
-0.737718 0.376976 
-0.748933 -0.233577 
-2.3137 0.858143 
-0.510115 0.107152 
-0.76966 0.316974 
-1.03601 0.17682 
-0.651585 0.206113 
-0.648321 0.999695 
-0.0727147 -0.0995413 
-0.652229 0.308618 
-0.713552 0.325234 
1.10056 0.840609 
1.07963 0.836224 
1.27322 1.39783 
-0.333829 1.37132 
0.029918 0.956262 
0.173589 0.259301 
-0.00857724 1.55199 
-0.00857721 1.55199 
1.60305 1.62056 
1.06873 0.861925 
1.06505 0.851767 
0.0361023 0.973179 
-1.11728 1.41295 
-1.03243 1.41366 
0.250011 1.04512 
0.366672 -1.10085 
0.362889 -0.952861 
0.345488 -1.05309 
-0.182764 -0.170664 
-1.56156 0.542268 
-0.327961 1.45795 
-0.401819 1.48641 
-0.401819 1.48641 
0.237759 1.76144 
0.22413 -0.973651 
0.198401 1.54021 
0.149084 0.665059 
0.245767 1.00364 
0.231688 0.738078 
0.0630047 0.255077 
-2.19963 0.996265 
-2.3137 0.858144 
-2.3137 0.858144 
-2.19963 0.996265 
-1.38753 1.21354 
-2.3137 0.858143 
-1.38753 1.21354 
0.140811 -0.23048 
0.00197284 1.71953 
0.0019728 1.71953 
0.110819 0.843512 
-0.137792 0.168225 
-1.28274 1.45283 
-0.23151 0.0762874 
-0.350746 0.942882 
-0.320791 -0.19972 
-1.08311 -1.45133 
-1.08311 -1.45133 
-1.19082 -0.159837 
-1.43249 0.225909 
-1.15036 -0.18064 
-1.2343 -0.0186241 
-1.10978 0.441977 
-0.78276 0.0154053 
-1.01392 0.0967885 
-0.617096 -0.204281 
-1.01866 -0.0535788 
-0.0535194 -0.0415566 
-1.42719 -0.0379315 
-1.28226 -0.00808999 
-0.753373 -0.216116 
-1.23726 -0.203796 
-1.43733 -0.20901 
-0.85794 -0.389972 
-1.24533 -0.129492 
-1.43733 -0.20901 
-1.26337 -0.13699 
-1.38301 -0.178988 
-1.22975 -0.120007 
-1.35222 -0.165316 
-1.15635 -0.0585109 
-1.3407 -0.155244 
-0.862464 -0.31441 
-1.3667 -0.17382 
-1.22975 -0.120007 
-1.09149 -0.075743 
-1.25413 -0.292763 
-1.41152 -0.417478 
-1.19933 -0.238447 
-1.27545 -0.349969 
-1.27545 -0.349969 
-1.39543 -0.0981209 
-1.11351 -0.0245923 
-0.831542 -0.25687 
-0.864357 -0.254322 
-1.26337 -0.13699 
-1.1974 -0.0704214 
-1.31776 -0.271677 
-1.33784 -0.304484 
-1.25413 -0.292763 
-1.41152 -0.417478 
-0.919232 -0.0657617 
-1.25374 0.0381635 
-1.10495 0.00173081 
-1.21468 -0.0773491 
-0.864357 -0.254322 
-1.21665 -0.0326221 
-0.718051 -0.232082 
-1.13632 -0.0908333 
-1.25413 -0.292763 
-1.1095 -0.176949 
-1.21092 0.0675222 
-1.05871 0.0849988 
-0.828443 -0.142372 
-0.862606 -0.194977 
-1.20832 1.29262 
-0.416214 -0.173755 
-1.08929 -0.0661318 
-1.07538 0.11218 
-0.723438 0.241412 
-0.78921 -0.111994 
-1.19125 -0.0316022 
-0.888875 1.23308 
-1.36339 1.28088 
0.210552 1.69954 
-0.652477 -0.503232 
0.366672 -1.10085 
0.366672 -1.10085 
-0.590751 -0.415861 
0.366672 -1.10085 
-1.56156 0.542268 
-1.38807 -0.435372 
-0.292296 -0.130605 
-1.20768 0.0304695 
-0.724381 -0.412715 
-1.44263 0.626437 
0.22413 -0.973651 
-2.3137 0.858144 
-2.3137 0.858143 
-2.3137 0.858143 
0.0101956 -0.0797551 
-0.444904 0.0549344 
-0.732164 0.391675 
-1.24093 -0.211966 
-0.426766 0.0834731 
-0.742931 0.520801 
-0.762977 -0.337323 
-1.29951 -0.263478 
-1.44714 -0.444368 
-1.85918 -0.0608369 
-1.38347 -0.365727 
-2.3137 0.858144 
-0.532078 0.0676974 
-0.8245 0.394119 
-0.65884 0.206593 
-0.403093 1.09779 
0.194852 -0.907593 
0.22413 -0.973651 
-0.586181 -0.453042 
-0.135021 -0.0075898 
-2.3137 0.858144 
-2.3137 0.858143 
-2.3137 0.858143 
-2.3137 0.858144 
-2.3137 0.858144 
-2.3137 0.858144 
-0.21551 -0.239015 
-1.47944 -0.562558 
-1.67118 -0.44062 
-1.5735 -0.334691 
-0.699744 -0.493689 
-0.599705 -0.500512 
-0.642674 -0.334161 
-1.41563 -0.144762 
-1.36795 -0.027931 
-0.680702 -0.129847 
-1.12811 -0.0395475 
-2.3137 0.858143 
-1.4921 -0.503236 
-1.22527 -0.101848 
-2.3137 0.858143 
-1.50689 -0.504859 
-1.51069 -0.524339 
-2.08388 0.992707 
-1.50684 -0.501419 
-2.3137 0.858143 
-1.73957 -0.167159 
-1.2916 0.0660752 
-1.17253 0.134869 
-0.806686 -0.255082 
-2.3137 0.858143 
-1.4921 -0.503236 
-0.730983 -0.34248 
-1.65674 -0.202141 
-1.89623 -0.384262 
-0.665914 -0.309087 
-1.70538 -0.254976 
-1.55743 -0.569365 
-1.58195 -0.645545 
-1.55743 -0.569365 
-1.55743 -0.569365 
-1.46466 -0.484141 
-1.55743 -0.569365 
-1.55743 -0.569365 
-1.46466 -0.484141 
-0.853933 -0.560746 
-0.61208 -0.281681 
-0.722006 -0.365578 
-1.31501 -0.34642 
-1.55887 -0.0420078 
-1.20029 -0.193779 
-1.56047 0.125334 
-0.540087 -0.412042 
-0.720975 -0.525831 
-1.46761 0.117098 
-1.40578 -0.421765 
-0.896646 -0.429559 
-1.08405 -0.0803597 
-2.3137 0.858143 
-1.40414 0.166719 
-2.3137 0.858143 
-1.05948 0.0133449 
-2.3137 0.858144 
-1.2804 -0.228098 
-1.26339 -0.440629 
-2.08388 0.992707 
-2.3137 0.858144 
-1.56675 -0.221507 
-1.19954 0.14239 
-1.04129 0.137471 
-0.945187 0.0486429 
-1.80712 1.05739 
-0.915367 0.0849562 
-0.727758 0.325412 
1.93872 -0.428284 
0.965721 0.846724 
-1.11889 1.31874 
-2.19585 0.866837 
0.192321 0.0883779 
0.154122 0.379337 
-0.637542 0.080511 
2.46651 -0.133703 
0.738989 1.88464 
-2.19585 0.866837 
-2.3137 0.858143 
-2.3137 0.858143 
-2.19963 0.996265 
-2.3137 0.858144 
-2.3137 0.858143 
-2.14354 0.924197 
-2.11107 0.959063 
-2.19585 0.866837 
-1.39494 1.15357 
-1.39494 1.15357 
-2.3137 0.858143 
-2.14354 0.924197 
0.0752953 -0.0499562 
-9.6643e-05 0.568643 
-0.129139 0.190407 
-0.900158 0.051031 
-1.09351 1.09938 
-0.0134474 -0.127476 
-0.259598 0.0420452 
-0.037399 0.0239005 
-0.368662 -0.0567905 
-1.12205 -0.0159455 
-0.76106 -0.0964825 
-0.869967 0.0966862 
-1.02084 0.0317776 
-0.751012 -0.137589 
-0.848684 -0.202779 
-0.992672 0.0226577 
-1.18768 -0.0704366 
-1.05086 -0.0239898 
-1.00724 0.0896276 
-1.15059 0.0439602 
-1.11931 0.00762402 
-1.21293 0.0492492 
-1.0481 0.101208 
-0.883884 -0.124639 
-1.0481 0.101208 
-0.818429 -0.0108252 
-0.876534 -0.0743299 
-0.778844 0.00937119 
-0.761406 0.0378614 
-0.715791 0.0602155 
-0.664542 0.25195 
-0.58718 0.232731 
-0.528955 0.254738 
1.01945 0.835435 
1.08008 0.853825 
