71.505156039
70.575529234
69.781535070
69.190001296
68.829042000
68.666134181
68.589292980
68.484482551
68.336466278
68.167172256
67.987713255
67.795519809
67.588925078
67.385590747
67.213386836
67.069379660
66.961304999
66.875340516
66.792367277
66.718395047
66.657137217
66.601358259
66.547082692
66.496094335
66.449787704
66.404970760
66.364172644
66.335667944
66.315327528
66.294076811
66.275350104
66.257618946
66.240557201
66.223699602
66.209960188
66.199497852
66.189657365
66.181261904
66.174217992
66.167762402
66.163545429
66.159971357
66.155694141
66.151595322
66.147985478
66.145339691
66.143115899
66.140711322
66.138707408
66.137008080
66.134934613
66.132381244
66.129856625
66.127470784
66.125496166
66.124357607
66.123869392
66.123577607
66.123062979
66.122066332
66.120447728
66.118345191
66.115501813
66.110873514
66.104461536
66.096376309
66.087390865
66.080189315
66.077696135
66.074480541
66.071314446
66.068446607
66.064821390
66.061792420
66.060111552
66.058089429
66.055662009
66.053627721
66.051196221
66.048905160
66.047087888
66.045329708
66.043650749
66.042144762
66.040352622
66.038675358
66.037406609
66.035960270
66.034192885
66.032540302
66.030939843
66.029596642
66.028099201
66.026319095
66.024541924
66.022793812
66.021404184
66.020763950
66.020681716
66.020470871
66.020190174
66.020015953
66.019886680
66.019724669
66.019583232
66.019463771
66.019357432
66.019254064
66.019133980
66.019051351
66.018991018
66.018956265
66.018923977
66.018873492
66.018830949
66.018789416
66.018738117
66.018694382
66.018653159
66.018639457
66.018618647
66.018583876
66.018546604
66.018495601
66.018482843
66.018448746
66.018401399
66.018343016
66.018295085
66.018222985
66.018129374
66.018008768
66.017859534
66.017714968
66.017584741
66.017544122
66.017507813
66.017463181
66.017443247
66.017402509
66.017332415
66.017256767
66.017187427
66.017105917
66.017011583
66.016884324
66.016735952
66.016591348
66.016431984
66.016281162
66.016172110
66.016173884
66.016170506
66.016139163
66.016126212
66.016112125
66.016101068
66.016092828
66.016088859
66.016085712
66.016082606
66.016062877
66.016067034
66.016088089
66.016070471
66.016081197
66.016068983
66.016071948
66.016068393
66.016067169
66.016061201
66.016059979
66.016057060
66.016046463
66.016042951
66.016042943
66.016045564
66.016047965
66.016046633
66.016050629
66.016050051
66.016052986
66.016052182
66.016053109
66.016054450
66.016058527
66.016051607
66.016052010
66.016051598
66.016052681
66.016050378
66.016050677
66.016051493
66.016052770
66.016050460
66.016050772
66.016051115
66.016052760
66.016050091
66.016050650
66.016053402
66.016051103
66.016050766
66.016051411
66.016053307
66.016051644
66.016051580
66.016051029
66.016050683
66.016051237
66.016051354
66.016051481
66.016051138
66.016051650
66.016051247
66.016051221
66.016050835
66.016050762
66.016051181
66.016051258
66.016050804
66.016051094
66.016051574
66.016051003
66.016051201
66.016051238
66.016051554
66.016051493
66.016051479
66.016051417
66.016051452
66.016051442
66.016051362
66.016051298
66.016051281
66.016051420
66.016051315
66.016051443
66.016051458
66.016051448
66.016051456
66.016051387
66.016051404
66.016051386
66.016051404
66.016051404
66.016051502
66.016051506
66.016051457
66.016051465
66.016051455
66.016051446
66.016051455
66.016051475
66.016051446
66.016051439
66.016051485
66.016051474
66.016051465
66.016051451
66.016051453
66.016051410
66.016051410
66.016051425
66.016051456
66.016051444
66.016051443
66.016051433
66.016051436
66.016051440
66.016051415
66.016051425
66.016051441
66.016051434
66.016051437
66.016051436
66.016051434
66.016051439
66.016051429
66.016051431
66.016051431
66.016051437
66.016051442
66.016051437
66.016051441
66.016051443
66.016051440
66.016051439
66.016051438
66.016051438
66.016051437
66.016051437
66.016051438
66.016051439
66.016051440
66.016051436
66.016051435
66.016051436
66.016051436
66.016051436
